 ==== albedo
0.168553 0.163607 0.156559 0.165751 0.166759 0.164294 0.151441 0.205488 0.19967 0.18234 0.16146 0.158511 0.207993 0.208408 0.154613 0.144133 0.136353 0.124062 0.129648 0.135259 0.132667 0.122394 0.131642 0.139116 0.128555 0.119887 0.132715 0.18805 0.200634 0.145085 0.154818 0.160734 0.147279 0.148573 0.148517 
0.169246 0.178824 0.163512 0.172539 0.17551 0.172385 0.136393 0.17063 0.181617 0.151282 0.150197 0.161309 0.168947 0.171884 0.164213 0.14318 0.12877 0.121965 0.123508 0.126598 0.126149 0.12292 0.132534 0.136486 0.123631 0.117388 0.144685 0.20935 0.181588 0.130397 0.136563 0.148519 0.137558 0.136498 0.13989 
0.17376 0.182008 0.167553 0.171781 0.175336 0.170807 0.162348 0.166256 0.174799 0.141428 0.140322 0.156782 0.147477 0.148081 0.165862 0.144631 0.138275 0.131898 0.125376 0.124723 0.126764 0.12622 0.120237 0.133441 0.129695 0.112698 0.139255 0.202764 0.172956 0.128325 0.127169 0.16126 0.211008 0.173714 0.13914 
0.174737 0.180402 0.182275 0.192023 0.178858 0.139846 0.144707 0.161755 0.174816 0.170594 0.173881 0.156648 0.150423 0.146832 0.153584 0.140592 0.152865 0.156183 0.132188 0.121007 0.123937 0.124918 0.124479 0.127433 0.132651 0.117613 0.13321 0.164248 0.155913 0.122367 0.140912 0.183273 0.250855 0.225468 0.148495 
0.176784 0.177595 0.17986 0.170816 0.135941 0.111909 0.131934 0.159101 0.157147 0.160208 0.15654 0.163726 0.157514 0.142073 0.15032 0.140261 0.139939 0.137313 0.142966 0.130961 0.122288 0.1266 0.134229 0.123207 0.125487 0.124571 0.13344 0.136444 0.141172 0.13404 0.160471 0.219174 0.207164 0.191567 0.150569 
0.169336 0.177014 0.175822 0.172313 0.170846 0.163064 0.173625 0.173567 0.156451 0.163321 0.162374 0.161328 0.153572 0.14021 0.151615 0.154645 0.141981 0.132048 0.136021 0.133156 0.128661 0.124772 0.122412 0.118728 0.128472 0.136064 0.133105 0.133237 0.144898 0.172063 0.169764 0.17813 0.152173 0.145946 0.151264 
0.171149 0.182343 0.18697 0.181142 0.196043 0.197441 0.198084 0.186862 0.160424 0.157778 0.158199 0.157646 0.151646 0.140962 0.140064 0.150615 0.138301 0.133117 0.138185 0.135071 0.129978 0.120571 0.114548 0.12052 0.124162 0.127645 0.125026 0.132199 0.174813 0.24625 0.220983 0.149982 0.125475 0.130858 0.12999 
0.175487 0.189984 0.176015 0.171076 0.181344 0.184483 0.187818 0.18173 0.163066 0.143579 0.145124 0.153382 0.153997 0.149867 0.146773 0.146172 0.133468 0.148027 0.169029 0.170222 0.154317 0.141012 0.127635 0.132793 0.126944 0.164179 0.198299 0.183462 0.188864 0.176491 0.132696 0.118181 0.120467 0.121883 0.11749 
0.167713 0.174393 0.155321 0.162712 0.176432 0.175435 0.183459 0.15712 0.15071 0.132782 0.142303 0.15204 0.161355 0.179622 0.180122 0.164772 0.13496 0.139122 0.160007 0.172076 0.177648 0.182013 0.178873 0.153196 0.13019 0.176123 0.228813 0.195713 0.149316 0.121245 0.118567 0.118575 0.121471 0.131561 0.133496 
0.166411 0.166975 0.158208 0.146584 0.176969 0.182574 0.188135 0.182628 0.180489 0.157129 0.13704 0.14644 0.160809 0.200002 0.172982 0.146704 0.133712 0.147253 0.165408 0.146141 0.164062 0.167887 0.161807 0.143109 0.136563 0.149708 0.155997 0.133842 0.117168 0.119546 0.118144 0.115424 0.123369 0.134616 0.136683 
0.157689 0.162925 0.17072 0.164134 0.187943 0.1848 0.194647 0.202255 0.174221 0.187868 0.163732 0.140622 0.159943 0.16998 0.151497 0.126113 0.131165 0.144503 0.156112 0.142888 0.171184 0.153589 0.137447 0.13931 0.133262 0.122813 0.113234 0.120491 0.119582 0.117127 0.117839 0.119615 0.117748 0.122147 0.122159 
0.151946 0.150174 0.16424 0.161163 0.168652 0.175336 0.203097 0.216693 0.188861 0.172516 0.163718 0.138752 0.156595 0.178392 0.171785 0.124154 0.12644 0.134448 0.139217 0.13737 0.156349 0.128119 0.134747 0.191465 0.153857 0.115672 0.119374 0.120932 0.121129 0.117944 0.118202 0.120484 0.114142 0.115105 0.118474 
0.16203 0.16568 0.16975 0.175058 0.163392 0.16612 0.192768 0.207979 0.195884 0.182105 0.168396 0.143997 0.144686 0.153764 0.174178 0.179477 0.138358 0.1241 0.134943 0.127426 0.134794 0.148258 0.166916 0.184531 0.174129 0.115269 0.119811 0.116185 0.115328 0.121076 0.125022 0.1127 0.113511 0.119763 0.121445 
0.172476 0.176298 0.175255 0.182275 0.184868 0.174718 0.181901 0.189331 0.191779 0.184547 0.162262 0.142924 0.143507 0.139562 0.135805 0.137648 0.121217 0.124648 0.127731 0.122679 0.129256 0.137178 0.144632 0.147823 0.138546 0.121584 0.122326 0.115448 0.111356 0.123087 0.124364 0.110797 0.11496 0.118188 0.127584 
0.172001 0.172081 0.196586 0.194043 0.185296 0.169162 0.175491 0.181421 0.183664 0.18976 0.167746 0.141548 0.138089 0.131859 0.122077 0.12349 0.125693 0.122944 0.117646 0.113488 0.117615 0.122532 0.124752 0.123066 0.120077 0.124061 0.126698 0.126024 0.123971 0.124361 0.124029 0.120638 0.118119 0.119727 0.12861 
0.166558 0.183156 0.185606 0.175562 0.175974 0.169746 0.178642 0.178222 0.182795 0.168089 0.157069 0.145117 0.137387 0.126912 0.12243 0.120957 0.119428 0.117316 0.11707 0.118806 0.123631 0.125089 0.122505 0.120318 0.120821 0.122181 0.124084 0.123191 0.122885 0.120241 0.121504 0.126305 0.127612 0.13003 0.132303 
0.173227 0.184341 0.179064 0.167412 0.200035 0.19542 0.189749 0.205569 0.193974 0.166522 0.141816 0.132881 0.133979 0.12144 0.116016 0.117926 0.119527 0.119707 0.118875 0.121674 0.119976 0.117356 0.114152 0.119165 0.124154 0.120821 0.122331 0.119338 0.125621 0.12307 0.124335 0.12384 0.127522 0.134689 0.132657 
0.188157 0.190776 0.178453 0.168963 0.164503 0.210231 0.205202 0.208711 0.179665 0.167624 0.14579 0.12918 0.124153 0.120977 0.114838 0.122972 0.119989 0.119861 0.119255 0.120596 0.114331 0.106648 0.116977 0.121946 0.133984 0.138099 0.135446 0.124871 0.122428 0.121671 0.126076 0.125424 0.126971 0.131531 0.133961 
0.206626 0.206144 0.195324 0.19005 0.183727 0.199795 0.218541 0.197977 0.187498 0.173439 0.15022 0.12327 0.118079 0.12004 0.120976 0.123077 0.121893 0.121634 0.121089 0.118456 0.112785 0.114512 0.126431 0.141628 0.160264 0.170126 0.163332 0.1446 0.129251 0.125908 0.125161 0.122598 0.125829 0.127821 0.128457 
0.191575 0.184278 0.174858 0.166954 0.179973 0.204361 0.224147 0.22216 0.191788 0.161631 0.142173 0.119434 0.115979 0.119893 0.121776 0.126797 0.124239 0.1216 0.119378 0.117937 0.11349 0.129296 0.149706 0.170146 0.16916 0.155457 0.145221 0.138322 0.142281 0.14402 0.139059 0.134856 0.129568 0.124949 0.126285 
0.156857 0.155417 0.163653 0.166086 0.186013 0.21452 0.218704 0.218099 0.215392 0.196204 0.137586 0.122261 0.117782 0.120534 0.127227 0.129051 0.126923 0.123291 0.117746 0.120346 0.135556 0.147039 0.149046 0.151385 0.153595 0.142678 0.141407 0.13906 0.136969 0.135925 0.141539 0.142766 0.143869 0.136379 0.133364 
0.114055 0.139261 0.172032 0.187595 0.206015 0.221921 0.209833 0.205238 0.204786 0.191252 0.172639 0.134351 0.123015 0.123546 0.137402 0.140272 0.133855 0.126631 0.117098 0.123983 0.144363 0.1544 0.146365 0.142723 0.143555 0.136434 0.133167 0.136054 0.133199 0.128013 0.128258 0.128671 0.131212 0.138847 0.150165 
0.152332 0.155541 0.180479 0.203592 0.215939 0.215779 0.205699 0.190021 0.182778 0.170795 0.16378 0.165279 0.153999 0.133464 0.135645 0.127726 0.125792 0.12816 0.117326 0.131844 0.15292 0.157846 0.154396 0.146714 0.137674 0.129995 0.132085 0.13054 0.12514 0.124058 0.124278 0.125153 0.128852 0.126876 0.12531 
0.190695 0.170736 0.177238 0.196302 0.213451 0.219112 0.216482 0.193577 0.180242 0.163436 0.145418 0.157968 0.147279 0.138719 0.127108 0.121681 0.119479 0.128656 0.127844 0.140033 0.152838 0.155641 0.152352 0.144028 0.134912 0.127028 0.12617 0.125712 0.123199 0.120924 0.118578 0.121435 0.125918 0.126068 0.126809 
0.192901 0.181803 0.162696 0.186507 0.21588 0.21485 0.197988 0.178068 0.182484 0.175719 0.150596 0.147649 0.138232 0.128177 0.125323 0.125251 0.11686 0.120665 0.134748 0.141982 0.156919 0.159855 0.143887 0.13806 0.130357 0.121293 0.127839 0.128212 0.125306 0.118561 0.120205 0.123776 0.127286 0.125979 0.123117 
0.175283 0.175704 0.152421 0.183688 0.205338 0.213435 0.204938 0.175513 0.170572 0.169198 0.160298 0.144032 0.136461 0.128758 0.123928 0.129429 0.120766 0.118271 0.124595 0.126489 0.145974 0.147144 0.132764 0.13363 0.125393 0.118415 0.121988 0.128038 0.120589 0.116981 0.120172 0.130973 0.14426 0.146187 0.150555 
0.122891 0.150975 0.155387 0.185286 0.197733 0.204765 0.209579 0.194206 0.177759 0.167403 0.154192 0.139009 0.13482 0.130484 0.125023 0.127997 0.126437 0.120411 0.117495 0.132213 0.13753 0.132773 0.127058 0.126555 0.122823 0.119697 0.117333 0.113709 0.111671 0.115446 0.117108 0.137827 0.155384 0.175562 0.202583 
0.108453 0.146713 0.149158 0.177612 0.201589 0.20452 0.201597 0.203808 0.201734 0.186137 0.167223 0.153842 0.150322 0.143261 0.132418 0.124945 0.125587 0.127967 0.119498 0.126721 0.131967 0.133121 0.132262 0.130146 0.124998 0.124469 0.11534 0.109093 0.107013 0.110119 0.115154 0.125706 0.148073 0.185586 0.19806 
0.0857742 0.129927 0.147334 0.16658 0.190521 0.200381 0.188293 0.185361 0.189886 0.193498 0.204144 0.193572 0.171232 0.160941 0.141307 0.123733 0.12392 0.126214 0.124518 0.128384 0.132559 0.130154 0.151352 0.151376 0.142272 0.126747 0.11096 0.108709 0.10991 0.106312 0.112141 0.122121 0.143964 0.172367 0.161417 
0.105526 0.137051 0.168943 0.175768 0.170167 0.167755 0.152358 0.148535 0.147534 0.165685 0.20804 0.20374 0.167049 0.154924 0.144118 0.127276 0.123522 0.126218 0.127086 0.127667 0.144256 0.159344 0.165873 0.179399 0.151819 0.122448 0.113716 0.111663 0.111171 0.10984 0.111057 0.117594 0.127718 0.147671 0.140367 
0.152952 0.160322 0.19125 0.200288 0.168181 0.140067 0.139741 0.137258 0.134159 0.144246 0.175573 0.184994 0.150234 0.137955 0.138213 0.128024 0.121879 0.123042 0.13162 0.140826 0.17016 0.182111 0.188792 0.201011 0.170019 0.12769 0.112857 0.11497 0.113948 0.112118 0.114054 0.11425 0.117637 0.140718 0.151695 
0.169878 0.174297 0.205722 0.223623 0.19768 0.153321 0.146414 0.144946 0.14154 0.143873 0.143515 0.141767 0.131273 0.124617 0.131533 0.131339 0.119709 0.125397 0.139225 0.142671 0.155363 0.174143 0.185433 0.204854 0.192287 0.136192 0.118123 0.121411 0.118453 0.110765 0.112902 0.113094 0.111607 0.118688 0.155598 
0.17662 0.186702 0.219777 0.230461 0.226688 0.16809 0.139675 0.138027 0.143765 0.151803 0.150872 0.149263 0.134484 0.130284 0.130724 0.133073 0.11872 0.120657 0.128385 0.137189 0.142772 0.153059 0.159677 0.175407 0.196783 0.154142 0.123024 0.12138 0.124904 0.110232 0.108836 0.110129 0.114159 0.110183 0.133128 
0.188094 0.200702 0.220316 0.219778 0.220975 0.201386 0.145963 0.134865 0.156827 0.162495 0.158476 0.159783 0.138709 0.132113 0.132577 0.132253 0.130721 0.118318 0.124876 0.132673 0.136984 0.138026 0.146843 0.154021 0.178313 0.178945 0.145274 0.150996 0.124846 0.117638 0.109867 0.111804 0.117774 0.110923 0.107782 
0.213655 0.21624 0.222892 0.216661 0.214154 0.213174 0.181834 0.166974 0.173763 0.158232 0.144363 0.143293 0.135006 0.131615 0.125426 0.130176 0.134188 0.12261 0.128306 0.131807 0.1375 0.140594 0.145751 0.161414 0.184744 0.163378 0.155763 0.153791 0.123522 0.119164 0.118013 0.113122 0.114626 0.10742 0.105613 
 ==== ndvi
0.22545 0.221125 0.283401 0.382559 0.401859 0.407415 0.444707 0.294009 0.287153 0.304007 0.367092 0.412705 0.310455 0.304057 0.386627 0.418568 0.480426 0.582112 0.572207 0.52708 0.538056 0.539952 0.500959 0.425102 0.475684 0.592453 0.52708 0.32843 0.317276 0.482993 0.450207 0.500811 0.607617 0.55095 0.523295 
0.284484 0.296521 0.354801 0.39135 0.380262 0.378875 0.467561 0.345327 0.329592 0.392354 0.418888 0.400201 0.370766 0.425709 0.382559 0.445788 0.51557 0.571892 0.524626 0.518637 0.587042 0.539952 0.506902 0.459793 0.528091 0.628768 0.502008 0.28789 0.350078 0.51557 0.518373 0.559373 0.557647 0.480426 0.445788 
0.30018 0.293001 0.34273 0.407415 0.437053 0.419989 0.419472 0.382559 0.322473 0.486628 0.445788 0.431834 0.457813 0.477143 0.407415 0.471159 0.544843 0.512705 0.503486 0.571892 0.591856 0.571892 0.528091 0.500959 0.439821 0.542191 0.478731 0.2744 0.32659 0.541731 0.582112 0.419472 0.269018 0.352324 0.453171 
0.307772 0.311335 0.314693 0.343957 0.374026 0.326862 0.290255 0.381129 0.322473 0.340861 0.329592 0.372425 0.425331 0.418568 0.431834 0.520938 0.515518 0.419472 0.51557 0.608145 0.587042 0.582112 0.518637 0.499729 0.417859 0.537994 0.51557 0.401055 0.406075 0.592453 0.515542 0.363054 0.214327 0.279444 0.44523 
0.322473 0.315202 0.325538 0.292419 0.232856 0.163845 0.181421 0.339965 0.379607 0.316385 0.352403 0.381129 0.379607 0.418226 0.418888 0.496386 0.502008 0.558546 0.531378 0.572207 0.597364 0.582112 0.474072 0.470462 0.506195 0.518637 0.498598 0.56271 0.490635 0.52708 0.461809 0.257394 0.320163 0.300567 0.412192 
0.345327 0.333802 0.315202 0.281055 0.292419 0.307949 0.245217 0.296521 0.379607 0.327753 0.327753 0.339965 0.357549 0.403713 0.385254 0.399293 0.498598 0.586696 0.60878 0.636763 0.620248 0.556665 0.486277 0.502436 0.556665 0.618539 0.572495 0.572207 0.531378 0.347772 0.357053 0.374026 0.55095 0.531378 0.425434 
0.377405 0.361169 0.279018 0.289612 0.28413 0.307333 0.300734 0.300567 0.347467 0.32443 0.295656 0.32443 0.36292 0.403713 0.418226 0.385254 0.432167 0.494872 0.543354 0.595822 0.628689 0.566592 0.531816 0.58742 0.582261 0.545661 0.545661 0.52708 0.448414 0.264761 0.285766 0.512884 0.615881 0.601156 0.500959 
0.372443 0.354316 0.311335 0.242553 0.200156 0.235161 0.337623 0.369349 0.335326 0.404553 0.383787 0.357549 0.357549 0.383787 0.418568 0.432048 0.467561 0.438395 0.401859 0.414069 0.492356 0.534612 0.551231 0.521394 0.512495 0.387917 0.304042 0.335095 0.376938 0.431477 0.52708 0.544012 0.534097 0.539952 0.549875 
0.375846 0.383906 0.3448 0.284484 0.184157 0.220986 0.311014 0.533271 0.475653 0.467561 0.42522 0.405339 0.347467 0.293001 0.34339 0.335326 0.439427 0.459793 0.387917 0.347772 0.307612 0.321631 0.325538 0.392354 0.503486 0.408605 0.30116 0.317276 0.463893 0.576972 0.544012 0.528091 0.561159 0.51557 0.494872 
0.361972 0.375846 0.425532 0.391142 0.229347 0.227108 0.275971 0.387511 0.369349 0.379607 0.453171 0.44523 0.39349 0.290898 0.365877 0.452356 0.494872 0.451594 0.34997 0.404553 0.330871 0.357053 0.425623 0.496386 0.512705 0.528336 0.508028 0.532632 0.560268 0.555589 0.549875 0.560268 0.566592 0.500959 0.466257 
0.438093 0.443754 0.414069 0.338178 0.248255 0.268596 0.277231 0.198629 0.296521 0.317865 0.419472 0.478731 0.406765 0.370766 0.412192 0.509602 0.552466 0.45877 0.379607 0.411059 0.307772 0.399293 0.548533 0.543354 0.521394 0.571892 0.582425 0.549875 0.493093 0.486277 0.537994 0.528091 0.544012 0.484185 0.506195 
0.425434 0.463893 0.443754 0.413187 0.340861 0.31851 0.28789 0.224171 0.273034 0.370766 0.394557 0.492684 0.450207 0.356631 0.359172 0.528091 0.551231 0.543354 0.459793 0.459793 0.394557 0.484185 0.48224 0.32458 0.399293 0.49558 0.521929 0.515603 0.463323 0.486277 0.549875 0.499729 0.509108 0.531816 0.571547 
0.381129 0.357053 0.319221 0.336563 0.370766 0.319221 0.280163 0.246076 0.277231 0.321631 0.345327 0.418568 0.44523 0.438093 0.383906 0.325538 0.418226 0.518637 0.453171 0.503486 0.538056 0.391142 0.335326 0.300383 0.347772 0.518949 0.506195 0.49558 0.472081 0.528091 0.545661 0.518949 0.509108 0.528091 0.528091 
0.319221 0.266837 0.239993 0.279018 0.335095 0.304007 0.263899 0.283199 0.304042 0.311014 0.34273 0.39729 0.389847 0.418226 0.52708 0.500959 0.493093 0.497215 0.490783 0.499729 0.48224 0.518373 0.544843 0.482993 0.459793 0.534097 0.539952 0.52547 0.512247 0.518637 0.551231 0.54838 0.537994 0.537994 0.551231 
0.338178 0.194779 0.192363 0.260389 0.352256 0.352324 0.285461 0.263899 0.258344 0.238327 0.288872 0.389847 0.417859 0.410431 0.490783 0.545661 0.518637 0.528091 0.531816 0.512247 0.509108 0.499729 0.490783 0.506195 0.544012 0.571892 0.567149 0.556665 0.524626 0.512495 0.518637 0.539952 0.534097 0.528091 0.509602 
0.389129 0.345777 0.268596 0.397402 0.403334 0.352324 0.31851 0.274589 0.275971 0.338178 0.332288 0.36292 0.410431 0.477414 0.539952 0.515603 0.515603 0.560268 0.554403 0.515603 0.477414 0.440246 0.440246 0.493093 0.528091 0.566592 0.571892 0.561159 0.528091 0.493093 0.528091 0.551231 0.536168 0.503486 0.475684 
0.396508 0.364837 0.227108 0.482088 0.310455 0.263028 0.283199 0.28789 0.255715 0.292419 0.360614 0.402812 0.447024 0.455989 0.479276 0.455989 0.515603 0.521929 0.515603 0.506195 0.440703 0.464685 0.522564 0.549875 0.524626 0.528091 0.534097 0.506195 0.518637 0.506195 0.518637 0.539952 0.541731 0.492684 0.460887 
0.341628 0.320865 0.289612 0.365877 0.466326 0.246076 0.246076 0.246076 0.282179 0.303986 0.347106 0.393713 0.455989 0.448452 0.509108 0.512495 0.493093 0.493093 0.486277 0.479276 0.449253 0.501179 0.565981 0.534097 0.486628 0.418226 0.446384 0.484185 0.46896 0.506195 0.524626 0.539952 0.567149 0.577148 0.538056 
0.300888 0.266458 0.307333 0.333755 0.364837 0.304057 0.217254 0.267462 0.283199 0.277759 0.312514 0.424692 0.440703 0.486277 0.528091 0.493093 0.486277 0.470462 0.447711 0.448452 0.490972 0.54838 0.545661 0.45877 0.34997 0.315202 0.338178 0.377985 0.467561 0.534097 0.530468 0.555589 0.556665 0.551231 0.547162 
0.314231 0.348034 0.425868 0.448978 0.363054 0.29146 0.252832 0.208635 0.248255 0.307949 0.360614 0.464685 0.464685 0.493093 0.490783 0.46896 0.493093 0.479276 0.455989 0.457078 0.505356 0.48224 0.399293 0.340861 0.32659 0.367092 0.411644 0.374395 0.36292 0.377985 0.42522 0.459793 0.474072 0.545661 0.530468 
0.320006 0.367092 0.407415 0.383906 0.307466 0.263979 0.255077 0.239651 0.234866 0.245826 0.382217 0.479276 0.509108 0.506195 0.46896 0.432429 0.447711 0.463323 0.472081 0.479276 0.432293 0.357549 0.337016 0.365074 0.392354 0.404553 0.389847 0.366372 0.35814 0.402812 0.411059 0.39729 0.383787 0.43906 0.494872 
0.275559 0.290255 0.296521 0.273034 0.229832 0.215579 0.25069 0.26226 0.248363 0.265762 0.288872 0.432293 0.477414 0.484185 0.445788 0.39729 0.410431 0.424839 0.457078 0.470462 0.39729 0.337016 0.35511 0.39729 0.418226 0.396182 0.364053 0.372402 0.402812 0.401843 0.393713 0.401843 0.409758 0.396182 0.377985 
0.337016 0.339965 0.279018 0.229832 0.201568 0.208635 0.252995 0.314231 0.321631 0.319221 0.335326 0.323401 0.3448 0.432293 0.459793 0.46896 0.454981 0.432429 0.472081 0.446384 0.372425 0.303964 0.316385 0.383787 0.411059 0.417466 0.410431 0.417466 0.400799 0.376772 0.376772 0.409032 0.424839 0.417042 0.409032 
0.290284 0.340861 0.325538 0.250729 0.217254 0.208635 0.215579 0.277231 0.321631 0.34997 0.405339 0.327753 0.312514 0.368529 0.475684 0.493093 0.472081 0.447024 0.475684 0.42522 0.365074 0.308146 0.32088 0.376251 0.410431 0.432429 0.424839 0.417042 0.416586 0.399669 0.383624 0.424692 0.432575 0.432575 0.424839 
0.337623 0.31851 0.339965 0.275971 0.239651 0.224171 0.25784 0.289612 0.286347 0.329592 0.425331 0.411644 0.417859 0.46896 0.484185 0.484185 0.449253 0.486277 0.480426 0.411644 0.359832 0.303964 0.347106 0.396182 0.409758 0.447711 0.462061 0.432429 0.409032 0.399669 0.424692 0.417042 0.417042 0.424692 0.463323 
0.322473 0.296521 0.349844 0.293528 0.275653 0.252832 0.29146 0.332422 0.340861 0.352324 0.367092 0.465036 0.52391 0.51557 0.506195 0.46896 0.499729 0.486277 0.462061 0.447711 0.376251 0.31708 0.410431 0.454044 0.447711 0.479276 0.463323 0.417466 0.416586 0.432733 0.479276 0.439821 0.352497 0.389847 0.398324 
0.266479 0.357549 0.372425 0.300567 0.281209 0.29146 0.279444 0.28413 0.339167 0.389129 0.399293 0.459793 0.474072 0.48224 0.506195 0.497215 0.524626 0.561159 0.531816 0.424975 0.410431 0.401843 0.490783 0.545661 0.499729 0.455989 0.440703 0.441198 0.466157 0.481286 0.472081 0.389847 0.274827 0.311335 0.297539 
0.197348 0.35511 0.392354 0.332422 0.300888 0.29146 0.310455 0.29146 0.316736 0.354316 0.401859 0.406075 0.425331 0.42522 0.460887 0.512495 0.512495 0.509602 0.493093 0.490783 0.432293 0.447024 0.454044 0.467561 0.463323 0.455989 0.464685 0.483461 0.54017 0.498267 0.464685 0.484185 0.35511 0.296892 0.29723 
0.0536803 0.30388 0.377985 0.377405 0.317276 0.278384 0.307466 0.331165 0.327371 0.368126 0.365536 0.333755 0.352324 0.347467 0.389847 0.484185 0.528091 0.518637 0.490783 0.503486 0.494872 0.46896 0.370542 0.385254 0.389847 0.424839 0.483461 0.515642 0.529291 0.533425 0.49558 0.477414 0.391142 0.32659 0.32443 
0.100947 0.294577 0.32659 0.35454 0.34339 0.347772 0.379607 0.405339 0.405339 0.395561 0.361554 0.316736 0.319221 0.352403 0.376251 0.46896 0.518637 0.530468 0.503486 0.475684 0.42522 0.367092 0.34997 0.336563 0.357549 0.424692 0.47383 0.498267 0.498267 0.505356 0.53583 0.509108 0.484185 0.383787 0.344172 
0.399293 0.431737 0.333755 0.320163 0.352324 0.452356 0.466257 0.425102 0.439427 0.411644 0.380262 0.354316 0.352403 0.432167 0.432167 0.46896 0.534097 0.512495 0.454044 0.383787 0.340861 0.31851 0.317865 0.290898 0.340861 0.48224 0.481286 0.481286 0.505356 0.512247 0.52547 0.52547 0.502436 0.425102 0.329045 
0.414069 0.490418 0.346502 0.30116 0.34229 0.444216 0.512884 0.457813 0.452356 0.418568 0.432048 0.438716 0.474072 0.484185 0.460887 0.460887 0.537994 0.417466 0.382217 0.39729 0.386627 0.347772 0.339167 0.28789 0.304042 0.466257 0.521929 0.493093 0.515603 0.529291 0.512247 0.512247 0.505356 0.486277 0.379607 
0.437053 0.388587 0.315782 0.269362 0.286489 0.442908 0.466257 0.466257 0.438716 0.386627 0.418888 0.438395 0.439427 0.417466 0.432293 0.439427 0.479276 0.515603 0.432429 0.432167 0.452356 0.406075 0.386627 0.311335 0.277231 0.412705 0.551231 0.499729 0.512495 0.505356 0.498267 0.505356 0.481286 0.498267 0.467561 
0.350171 0.28789 0.274247 0.259252 0.295226 0.332527 0.451594 0.474072 0.386627 0.330871 0.335326 0.315763 0.374395 0.409758 0.394993 0.424975 0.432293 0.509108 0.477414 0.439427 0.459793 0.459793 0.404553 0.337016 0.336563 0.325538 0.431938 0.385254 0.470462 0.499729 0.522564 0.490972 0.464685 0.466157 0.515642 
0.285766 0.298083 0.304084 0.279444 0.273009 0.30103 0.331165 0.345327 0.315202 0.327753 0.370542 0.368529 0.366372 0.372402 0.378724 0.409758 0.410431 0.506195 0.503486 0.460887 0.466257 0.466257 0.411644 0.347467 0.325538 0.347467 0.372425 0.370542 0.432575 0.493093 0.486277 0.518949 0.512247 0.515642 0.493618 
 ==== net_radiation
509.697 513.655 522.017 520.165 522.109 529.615 542.658 499.342 504.136 518.016 537.489 539.87 503.078 505.471 548.592 559.852 566.125 578.809 574.477 569.928 572.019 580.4 572.953 566.902 575.603 585.415 575.049 530.673 520.576 567.966 560.25 552.831 561.03 557.261 557.276 
509.141 501.474 516.454 511.984 515.1 523.13 554.712 527.26 518.603 542.912 546.529 537.624 534.375 532.05 540.902 560.632 572.228 580.473 579.338 576.855 580.036 582.711 574.975 571.763 582.327 587.479 565.43 513.569 538.587 579.774 574.957 562.695 568.743 566.875 564.13 
505.527 498.924 513.219 512.592 515.253 521.663 531.177 530.775 524.06 550.843 554.448 541.263 551.614 551.142 539.595 556.757 564.649 569.722 577.821 578.418 579.552 580.108 584.846 574.241 577.386 591.102 569.759 518.843 542.776 578.738 579.84 552.334 509.621 536.941 564.735 
507.569 503.033 501.448 496.397 512.433 546.436 545.275 531.653 524.047 527.433 524.798 541.344 546.5 552.108 546.709 560.032 550.199 550.202 572.314 581.383 581.747 581.122 581.392 581.729 574.925 587.082 574.561 549.72 556.405 583.488 568.665 534.569 477.57 498.067 557.182 
505.93 505.28 503.382 513.368 546.762 568.772 552.744 533.765 535.474 535.74 538.688 532.946 540.801 553.184 549.315 557.539 560.539 562.694 560.968 573.364 580.344 579.774 573.537 582.363 580.739 581.488 574.363 572.166 568.294 571.316 550.202 502.998 512.662 525.272 558.224 
511.894 505.746 509.363 512.169 516.089 525.107 519.381 519.438 536.031 530.516 534.01 534.851 541.215 554.669 545.528 545.96 556.161 566.942 563.886 568.973 572.538 578.47 580.285 585.979 578.406 572.429 574.722 574.748 565.353 540.698 542.676 535.979 556.946 562.035 557.676 
510.415 504.204 500.493 505.159 495.975 497.643 499.868 508.852 530.102 534.953 534.609 537.794 542.789 551.36 554.823 546.493 559.113 563.303 562.13 564.686 568.814 579.187 583.974 581.991 579.172 576.337 581.169 575.569 541.331 483.926 504.4 561.524 581.321 577.192 577.758 
509.694 498.086 509.266 515.958 507.733 508.007 505.353 510.233 527.983 543.603 545.102 541.219 540.904 546.957 549.45 550.072 563.004 551.327 534.586 536.369 549.164 560.039 570.771 569.348 574.131 546.926 519.526 534.315 530.01 539.972 575.4 587.056 585.213 584.301 587.835 
515.917 510.57 525.834 522.658 511.664 512.509 508.838 529.983 535.168 552.267 547.374 542.311 537.742 523.093 525.441 537.863 561.793 561.205 544.538 534.848 530.365 527.045 529.564 552.903 571.523 537.367 495.064 524.48 564.51 587.14 589.475 589.451 587.171 576.511 574.937 
517.002 516.552 526.299 535.598 511.253 506.851 502.403 506.828 511.313 532.762 551.613 546.826 538.124 509.429 531.098 555.097 565.533 554.658 540.22 555.685 544.015 541.095 546.009 561.045 569.113 558.598 556.268 574.259 590.382 588.474 589.807 592 585.642 574.045 572.355 
523.994 519.802 513.529 518.793 499.726 502.329 494.445 491.09 513.576 508.135 530.23 551.5 538.824 533.504 551.056 571.631 570.363 559.597 550.411 561.023 538.298 552.577 568.369 566.869 571.766 582.931 590.616 587.707 591.094 593.055 592.761 591.326 590.116 586.757 584.042 
528.589 530.013 518.721 521.18 515.176 509.91 487.68 476.79 501.85 520.44 530.233 553.004 541.527 526.762 534.783 575.949 574.143 567.725 566.726 568.207 552.956 575.773 570.461 527.623 557.886 588.562 588.352 587.311 589.823 592.4 592.488 590.596 592.968 592.455 587.073 
520.614 517.689 514.31 510.063 519.405 517.275 495.935 483.754 496.297 510.08 523.805 548.846 551.09 546.553 532.908 531.561 564.552 578.779 570.298 576.363 570.496 559.764 547.493 533.351 541.834 591.884 588.234 593.927 594.591 590.046 587 596.842 596.182 588.576 587.226 
512.244 509.18 507.152 501.533 499.459 510.39 504.636 498.687 499.587 508.123 528.717 546.957 549.271 557.914 563.731 565.18 578.333 578.321 576.106 580.162 577.606 571.478 565.536 562.91 570.445 586.843 586.256 594.552 597.817 588.424 587.536 598.405 595.055 589.849 582.333 
509.876 509.807 490.073 494.857 501.867 514.842 509.769 507.764 506.081 503.938 524.314 548.057 553.621 564.078 574.693 576.562 574.77 579.713 584.224 590.264 586.956 583.194 581.408 582.773 585.332 582.177 582.793 583.393 584.998 584.669 587.761 590.508 589.793 588.605 581.461 
511.452 500.915 501.598 509.651 509.322 514.389 507.263 510.341 506.822 521.351 532.917 545.236 554.347 568.245 574.621 578.729 582.688 584.425 587.597 586.165 582.262 581.293 583.366 585.164 584.967 583.924 582.406 583.214 583.42 588.231 587.303 583.483 582.416 580.391 578.538 
506.112 499.967 506.833 516.188 490.05 493.825 498.367 488.446 500.608 522.599 545.139 555.047 559.831 572.615 579.708 581.112 582.608 582.471 583.379 583.858 585.16 587.512 590.131 586.15 579.562 582.236 581.032 583.515 578.486 583.25 582.295 582.714 579.766 573.919 575.518 
496.91 494.813 507.327 517.679 521.268 481.965 488.735 485.926 512.071 524.458 544.693 560.745 567.705 575.714 583.408 577.115 582.218 582.321 583.049 581.968 586.965 593.399 585.188 581.171 571.643 565.563 567.709 576.326 581.005 581.642 580.904 581.444 580.241 573.816 571.82 
484.869 487.997 496.568 500.793 505.86 493.071 478.052 494.522 505.798 519.796 541.135 568.227 575.298 576.49 578.51 579.744 580.686 580.882 581.55 583.659 588.235 584.408 574.852 562.594 547.745 539.815 545.277 560.43 572.801 575.536 578.915 580.995 578.408 576.756 576.244 
502.411 508.26 515.82 522.155 511.711 489.455 473.607 475.193 505.179 532.084 550.42 571.411 577.134 579.487 577.978 576.775 578.843 580.945 580.214 581.368 584.968 569.766 553.349 536.927 537.871 548.883 557.117 562.813 559.632 560.971 565.085 568.482 572.736 576.534 575.448 
535.689 534.116 527.532 522.833 506.864 481.317 477.966 478.448 483.532 501.641 556.838 571.892 578.456 578.985 576.323 574.941 576.657 576.849 581.532 579.454 564.501 555.466 551.119 549.255 547.659 556.422 560.164 562.217 563.891 564.75 560.356 559.365 558.473 564.545 567.002 
569.948 549.77 520.796 508.33 490.837 475.385 485.069 488.749 492.029 508.348 525.996 562.185 574.241 576.554 568.155 565.928 568.352 574.148 582.04 573.801 554.691 546.825 553.276 556.216 555.725 561.427 564.033 561.902 564.207 568.368 568.275 570.678 568.643 562.539 553.446 
542.157 536.852 516.923 495.665 483.035 483.097 488.434 503.74 512.369 524.703 535.795 537.321 549.24 568.465 569.467 575.985 574.795 572.882 579.075 564.691 547.76 541.187 543.957 550.142 560.333 566.494 567.547 569.003 570.595 571.453 571.524 570.836 567.874 569.565 570.817 
511.421 524.684 519.53 501.508 487.767 480.427 482.535 500.886 514.399 530.606 550.53 543.178 554.609 564.219 576.317 578.116 579.863 569.764 570.649 558.116 545.091 542.956 545.597 552.292 562.547 571.614 572.297 572.876 574.891 573.977 576.102 573.828 567.498 567.486 566.888 
509.669 518.551 531.181 512.094 485.825 483.842 497.351 513.308 512.596 520.762 543.654 548.745 559.175 569.993 575.022 575.25 581.944 576.191 565.119 556.547 541.817 536.844 552.394 557.085 566.2 576.223 570.981 570.879 573.197 578.603 574.815 569.211 566.393 567.553 569.87 
526.535 523.457 542.253 514.456 494.372 487.949 492.025 518.348 522.323 526.166 536.037 551.85 560.785 569.686 576.281 571.936 578.902 580.89 573.166 568.905 550.522 549.667 561.231 563.293 572.811 578.425 578.281 573.74 576.985 579.889 574.918 563.491 552.788 548.61 545.106 
571.201 546.015 539.885 513.178 500.465 494.903 491.044 503.361 519.304 527.615 540.942 555.87 562.063 568.277 572.669 573.106 574.381 579.245 581.643 564.306 557.303 561.218 565.845 569.028 574.906 580.113 581.998 585.248 586.899 583.882 580.108 560.701 543.832 524.999 503.299 
585.465 552.158 547.618 522.069 500.118 497.836 500.183 498.407 500.089 512.596 530.503 543.962 546.879 555.272 566.713 575.564 575.05 573.142 580.006 571.482 564.508 560.961 564.39 566.095 573.136 576.286 583.612 591.709 593.427 590.899 584.403 573.216 552.46 519.678 509.662 
603.591 568.29 551.731 530.849 508.918 501.094 513.52 515.876 512.363 509.483 503.687 512.145 530.167 541.142 559.625 576.621 579.24 574.661 576.074 570.252 564.163 563.274 546.238 548.959 559.199 574.394 589.817 594.695 593.747 596.634 589.497 578.744 558.43 533.075 541.867 
590.489 562.582 534.402 523.482 525.228 529.985 542.33 548.138 549.059 534.514 500.564 503.992 533.507 545.967 557.366 573.77 576.819 574.671 571.293 568.071 552.01 539.832 534.592 523.745 548.799 577.84 587.602 592.31 595.43 596.506 593.133 585.132 574.256 555.66 558.777 
549.899 541.283 513.809 503.831 526.821 552.204 552.471 557.179 562.526 554.431 526.585 519.026 549.726 559.602 562.128 573.17 578.15 574.463 564.89 554.742 528.477 518.831 510.74 500.938 528.734 565.473 588.297 589.642 593.21 594.686 593.446 590.561 585.092 563.994 552.404 
533.665 527.436 499.502 479.676 500.466 538.828 547.138 551.024 553.929 552.044 552.337 553.741 565.135 570.475 567.652 570.814 580.2 572.822 558.909 550.682 540.502 522.577 510.784 495.203 508.076 555.846 575.845 581.559 586.681 595.584 594.151 591.27 592.456 584.344 551.917 
525.543 514.709 482.76 471.453 474.478 521.505 547.021 551.086 549.401 545.676 546.436 550.471 562.54 565.895 568.282 566.679 578.212 576.685 564.888 555.092 547.882 536.756 531.445 516.076 501.727 538.692 569.198 576.125 576.045 593.26 594.673 593.642 590.387 593.906 572.74 
513.581 500.728 479.58 477.268 476.312 492.064 539.232 550.876 536.176 534.354 540.309 541.985 559.121 567.156 566.776 567.327 568.561 578.555 570.462 561.454 555.269 551.569 541.739 533.226 516.55 518.779 551.288 549.576 576.057 584.592 593.868 595.008 590.197 596.008 598.575 
490.435 485.63 474.872 477.116 479.124 482.711 507.826 522.479 520.034 537.961 551.826 555.415 562.468 567.919 572.886 569.352 566.134 575.485 568.053 565.218 557.917 552.407 545.509 530.19 511.419 531.296 542.882 550.175 577.216 583.486 587.52 591.475 592.986 601.716 603.141 
 ==== soil_heat
96.2403 96.3107 95.2936 92.4804 91.391 89.9945 88.2261 90.8795 91.0813 91.1369 89.6063 88.5521 89.3662 88.7479 87.7975 86.2385 84.0776 77.6208 78.396 81.1764 80.5418 80.3336 82.4466 85.3134 83.5159 76.1767 80.4621 86.6333 86.6534 81.8913 83.1773 81.97 75.9827 80.71 82.2866 
95.7757 95.5248 94.2578 92.811 91.8364 90.6349 87.329 90.6235 90.8094 89.7426 88.3665 88.8748 88.8414 87.4868 87.8947 85.413 82.3972 78.3018 81.1613 81.5164 76.609 79.6093 81.4355 83.4146 80.2995 73.1992 81.8054 86.8569 85.5758 80.2885 80.2361 78.7645 79.5166 84.2078 85.5153 
95.5516 95.5146 94.4383 92.4116 90.2925 90.2488 89.6682 89.9287 90.9664 86.5972 87.4872 87.9978 86.4344 85.6947 87.3063 85.2306 80.8876 82.5719 82.2296 78.3632 76.2627 77.6912 80.2174 81.7229 84.0303 79.3526 82.7569 87.0746 86.7336 79.626 77.0611 84.9003 87.7564 87.8811 85.2622 
94.8908 94.7698 94.6804 93.5022 91.9403 92.2503 92.0514 90.6425 90.9663 90.7195 90.8714 89.5015 88.2081 87.6879 87.3224 82.9378 83.2783 86.2687 81.7279 75.6282 76.5692 76.9601 80.7592 80.9435 84.6895 79.6589 81.0484 85.3472 85.2051 76.2233 81.1577 86.1201 87.1017 87.3866 85.5882 
94.6684 94.7587 94.5652 94.509 93.7919 93.1184 93.3323 91.4231 90.7072 91.1122 90.5664 89.9948 89.3765 88.3743 87.6923 84.8315 83.8696 80.7283 81.706 78.4038 76.4868 76.9838 82.855 82.8504 81.404 80.7842 81.8408 78.4359 82.2898 81.2212 84.2968 87.6819 87.2741 87.726 85.8261 
94.3945 94.4974 94.1816 94.611 93.9037 93.1608 93.0392 92.5876 90.7074 91.6212 90.9513 90.7702 90.4981 88.7507 89.2438 88.2397 84.7483 78.7408 77.0474 73.9093 75.365 79.361 82.9702 81.4531 78.7133 74.2766 77.7334 77.784 80.3482 87.1675 87.0389 86.6914 80.0048 81.1202 85.4648 
93.7443 93.364 94.4459 94.4271 93.644 92.7698 92.224 92.4056 91.9761 91.6806 92.0372 91.0045 90.4014 89.4532 88.3646 89.2672 87.2604 84.8548 81.7 78.095 75.2808 79.3858 81.3957 77.2421 77.6847 80.0966 79.331 80.4707 83.9943 86.2167 86.6966 81.3741 74.4441 75.7232 81.7849 
93.2236 93.3677 94.2392 94.3402 94.4558 93.6274 92.5089 92.0207 92.1642 90.7485 90.5962 90.4729 90.5038 89.2783 88.3934 88.016 85.9993 87.1236 88.188 87.161 84.4083 82.2502 81.1537 82.1958 82.5988 86.3933 87.5542 86.5615 85.7991 84.521 80.5089 79.3826 79.971 79.6964 79.0547 
93.229 92.9843 93.8964 94.0519 94.5779 94.4345 92.9491 86.11 89.0058 88.6381 89.5073 89.4246 89.9895 90.6353 89.2754 89.4964 87.0045 85.6296 87.8203 88.5784 89.1162 88.9392 88.9088 87.0017 83.069 85.876 87.0323 86.7018 82.6502 76.5972 78.6418 79.5084 77.658 81.1159 82.1035 
93.5331 93.2426 91.3965 92.3477 94.3658 94.3248 93.8822 92.2236 92.0507 91.364 88.5623 88.2217 89.0556 89.7137 88.9126 85.9427 84.1542 85.9679 88.5653 87.387 88.1271 87.7295 86.154 83.491 81.9563 81.2429 81.5666 80.1916 77.6222 77.9412 78.2901 77.6196 77.3385 81.8435 83.2901 
91.6011 91.3791 92.2479 93.9634 94.6863 94.5934 94.3409 94.1115 93.8603 92.1931 89.6917 86.9281 88.7246 88.8309 87.1595 83.3746 80.37 84.9766 87.2673 86.4628 88.4173 86.8369 80.0047 80.3304 81.4877 77.6536 76.7922 78.3012 80.373 80.6129 78.2017 78.7547 78.6254 81.6309 81.4406 
92.0228 90.6796 91.3662 92.3461 93.8845 94.1699 94.053 94.1892 93.9018 91.4787 90.3512 86.3097 87.4087 89.0499 88.3331 81.6989 80.3965 80.9482 84.1836 84.1646 86.1851 83.1445 83.3023 86.6061 85.336 81.7257 79.7803 80.1526 81.5573 80.6282 77.5323 80.1295 80.3721 79.2862 77.7084 
93.1783 93.6488 94.2059 93.8934 93.37 94.2455 94.3471 94.29 93.7512 92.8546 91.9908 89.0506 87.5519 87.1238 87.8369 88.1384 86.2125 81.4692 84.3932 82.2853 80.5919 86.2807 86.5971 86.983 86.4127 79.899 80.579 80.2258 81.1504 78.7655 77.8784 79.0967 79.5775 79.5395 79.5679 
94.2017 94.7337 95.5139 95.1028 94.3583 94.3614 94.6746 94.3801 93.5415 92.9634 92.0637 90.2853 89.7977 87.6483 82.5615 83.2099 83.37 82.495 82.861 82.3958 82.4819 80.959 79.5865 82.6556 83.4861 79.2107 78.8986 78.8092 79.3821 79.2714 77.5427 77.488 78.1464 78.9857 78.3609 
94.5093 95.8087 95.3969 94.4858 93.4891 93.6966 94.5584 94.0837 94.1174 93.5579 92.7476 90.4569 89.0467 87.7887 84.1698 80.7006 82.2187 80.9668 80.7255 80.9141 81.1324 81.669 82.091 81.3796 79.3872 77.7054 77.3161 77.9812 79.7535 80.3663 79.2993 78.1304 79.1745 79.5389 80.5886 
94.1072 94.2258 94.5649 92.6443 92.4854 93.6943 94.1306 94.0333 93.987 92.7531 92.2498 91.0495 89.2733 85.5405 81.7163 82.3353 81.5805 79.0371 78.7072 80.8593 82.6207 83.9853 83.9437 81.955 80.308 78.0618 77.7387 78.4426 80.3561 81.2227 79.5857 78.3589 79.2353 80.9053 82.1078 
93.8512 93.8511 94.9547 89.8287 93.8453 94.4516 94.3755 93.421 93.3753 93.3666 91.7465 90.087 87.4477 86.2844 84.5916 84.8018 81.5821 81.2636 81.606 81.3528 83.8584 83.0376 80.4751 79.0372 81.275 81.048 80.7442 82.1353 81.6221 81.4466 80.8664 79.7249 79.6677 82.1987 83.4343 
94.2124 94.4812 94.4651 92.8255 89.9307 94.2345 93.7858 93.7019 93.3554 92.5909 91.3378 89.5946 87.0284 85.8179 82.5218 82.5131 82.6358 82.6337 82.9515 83.2626 84.2556 82.1125 78.727 80.7145 83.1859 86.3326 85.4577 83.9369 83.7569 82.1736 80.5848 79.7487 78.1051 78.1926 80.675 
93.827 93.6093 93.4018 93.1301 92.6828 93.3679 93.609 93.7787 93.2412 92.8255 91.8582 88.0061 86.7519 84.3657 81.6532 82.6856 82.9597 83.5836 84.4159 84.3519 82.6494 80.5051 80.8328 85.0585 87.9371 88.4383 88.1274 87.3655 84.6502 81.5332 80.9986 79.5149 79.4839 79.8412 80.0854 
92.8007 92.3997 90.6825 89.9853 92.1798 93.4178 93.2275 93.5512 92.8609 91.9259 90.4134 86.6321 85.9038 83.3621 83.4864 83.7183 82.7079 83.248 84.8653 84.8085 82.7543 84.7572 87.6144 88.7848 89.0257 88.3603 87.305 88.1487 88.4013 87.3727 86.1879 85.0284 84.4288 80.8816 81.7612 
91.7402 91.6221 90.6664 91.8629 92.9709 93.4225 93.3751 93.5003 93.0591 92.804 89.2465 85.3948 83.3121 82.7705 83.7089 84.9827 84.4751 84.6296 84.2477 84.005 86.5856 88.4758 89.5547 89.0852 88.5426 88.1946 87.8145 88.314 88.4465 87.4891 87.3414 87.6959 88.0109 86.4848 84.3274 
91.892 92.0426 92.6224 92.6873 93.2808 93.5247 93.6482 93.6716 93.2293 92.0976 91.4179 87.209 84.7945 83.7959 84.6393 86.0388 86.4075 85.9275 84.7938 85.1354 88.3273 89.5749 89.2468 88.3494 87.8381 88.353 89.007 88.9029 88.1889 88.1555 88.3727 87.4484 87.2787 87.6973 88.1756 
90.8323 91.4652 92.1039 92.7515 93.2054 93.1648 93.7429 92.8411 92.2365 91.7339 90.1787 89.6434 88.6215 85.759 84.1278 83.7249 84.9541 85.7178 84.9644 86.8028 88.9026 90.71 90.5541 89.3714 87.9706 87.7225 87.2062 87.0346 88.135 88.6619 88.7034 87.9633 87.5735 87.787 87.9821 
91.2038 91.4015 91.5934 92.7565 92.5954 93.0735 93.1123 93.1919 92.2649 91.298 88.7409 89.5856 89.0481 87.3632 83.431 83.3997 84.2365 85.9956 84.9667 87.5416 89.7547 90.6597 90.4916 89.5187 87.9646 86.5256 86.7398 86.9866 86.967 88.1047 88.4725 87.4793 88.0195 88.0382 88.2771 
90.5668 90.9782 91.4667 92.0633 92.4061 93.111 93.2759 93.2895 92.6584 91.5515 88.8954 88.5892 87.6821 85.1787 83.8064 83.8301 85.019 84.4052 84.8484 87.9346 89.8588 91.4047 90.0624 89.0321 87.936 85.9556 85.5431 86.5741 87.1954 87.3296 87.4601 88.4437 88.4906 88.2756 86.9464 
90.3058 91.3014 90.6525 91.9411 92.3954 92.4076 92.8688 92.1838 92.0952 91.261 90.3516 86.8741 83.4674 83.1352 82.8249 84.4985 83.0926 83.6458 85.4361 86.6908 89.4958 90.5063 88.6058 86.567 85.9984 84.726 84.6661 86.2583 86.926 86.403 85.5644 87.852 90.088 90.0553 89.8643 
89.9736 89.7968 90.2321 91.8442 92.494 92.2649 92.2782 92.5403 91.4161 90.5214 89.6386 87.0422 85.7776 84.692 83.5579 83.3061 81.9451 79.7311 81.4512 87.4697 88.6346 88.8329 85.7321 82.1846 83.9019 84.8934 85.3657 85.3395 84.4412 83.9178 85.0865 88.5738 91.1183 91.3762 91.1895 
89.3583 89.1134 89.0911 90.8458 91.5863 91.6455 91.4852 91.6595 91.4044 91.0695 89.5503 88.7805 88.2559 87.5257 85.5472 82.5465 82.5556 82.7226 83.3847 84.311 87.2471 87.5081 86.5522 86.0274 85.4449 84.9689 84.5089 82.9653 80.1712 82.3475 84.5983 84.7188 89.3458 90.7747 90.6072 
88.9806 88.9608 88.6843 90.0939 91.5555 91.8443 91.0728 90.79 90.8096 90.0685 89.2901 90.0008 89.9322 89.342 87.7167 83.8302 81.0248 82.2701 83.5705 83.7652 84.911 86.6659 89.6381 88.6204 87.779 85.9798 82.9481 80.7435 80.0678 79.7809 82.5304 84.2056 87.8512 89.8173 89.8774 
88.7213 89.1401 89.5914 90.4881 91.3767 90.6657 90.0783 88.7733 88.7881 89.0419 89.2925 90.0768 90.4537 89.2524 88.0304 84.4855 82.2315 81.6421 83.7484 85.6792 88.2773 89.7146 90.0163 90.1583 89.2098 85.9243 83.3806 81.6112 80.8303 80.4823 79.7758 82.005 84.0085 88.0741 89.504 
87.4942 87.3282 89.9966 90.7159 91.2385 87.9849 87.4696 88.1639 87.0105 87.9028 89.3418 89.7686 89.2363 87.2905 86.5738 84.4957 81.3874 83.2498 86.5426 89.3151 90.8414 91.0677 91.6527 91.7741 90.867 86.1271 83.0669 82.3901 80.565 80.2043 79.6221 80.3846 82.3209 86.248 89.0654 
87.8247 85.7701 90.2206 91.6631 91.7042 88.9711 85.408 87.1314 87.3398 88.4206 88.0224 87.7993 85.7746 85.2846 85.5715 84.8799 81.1868 86.919 88.6512 89.735 90.0233 91.3725 92.0409 92.3708 91.8 87.5259 83.4228 82.7276 80.8853 79.3003 80.2325 81.001 81.2995 83.0613 87.4391 
87.7908 89.6807 91.5912 92.3546 92.316 90.2326 88.7785 88.1188 88.4959 89.2592 88.4413 87.1509 87.0563 87.669 86.5168 86.3632 84.7356 83.1106 87.9521 88.7325 88.7627 90.8509 91.3258 93.1811 92.6425 90.0284 82.4764 83.8892 82.6101 81.2308 81.5662 81.2696 82.3877 81.6375 84.0016 
90.4335 91.7261 92.6237 93.3423 92.9692 92.9971 89.9843 88.4353 90.6252 90.9785 90.2263 89.7913 88.7805 87.172 87.5408 86.7954 86.5588 83.3973 85.6013 87.7732 87.7888 88.4449 90.8866 92.9328 92.1749 91.6869 88.0897 88.6693 84.4491 82.3672 80.4317 81.1723 82.3059 82.1678 80.0142 
91.4882 91.9077 92.8286 93.8392 93.971 93.1532 93.3767 92.6835 92.4949 91.0627 89.6032 88.9265 88.9647 88.0769 87.8686 87.2471 87.2725 83.6515 84.5375 86.3691 86.9151 87.5737 90.0585 92.1266 92.2719 91.4543 89.6371 88.2856 85.743 82.7079 82.2772 80.7002 80.2957 79.243 80.205 
 ==== sensible_heat_flux
-28764.1 -24667.9 426.723 427.684 430.718 439.62 454.432 -60997.7 -32750.2 -242671 447.883 451.318 -17989.2 -5570.71 460.794 473.613 482.048 -1344.69 -1877.5 -6519.87 -5363.33 -4011.11 -8667.56 -2969.07 -6214.76 22.1094 -111.422 -103.19 -97.0264 104.029 110.354 -186.284 -667.186 476.551 474.989 
413.365 405.949 422.196 419.173 423.264 432.495 467.383 436.637 427.794 453.17 458.163 448.749 445.533 444.564 453.007 475.219 489.831 -1766.39 -5793.89 -6157.35 14.7875 -81.0585 -149.649 -187.243 -104.911 56.5791 -165.795 -71.7106 104.643 92.4394 90.1058 -41.0538 -2992.91 482.667 478.614 
409.976 403.41 418.781 420.18 424.961 431.415 441.509 440.846 433.093 464.246 466.961 453.266 465.179 465.447 452.289 471.526 483.762 487.15 -7442.6 -1766.39 22.8186 -13.5362 -104.911 -157.486 -176.447 -75.2114 -185.167 -59.1928 -95.5225 -78.6325 6.03571 -188.339 -548.379 -4995.68 479.473 
412.678 408.263 406.768 402.895 420.493 454.186 -67093.1 441.011 433.08 436.713 433.926 451.842 458.292 464.42 459.386 477.094 466.921 463.933 -7332.08 -563.645 14.7875 6.03571 -124.319 100.267 -167.182 -84.1239 -132.49 -171.027 -169.068 22.1094 -140.295 -140.042 -342.85 -621.6 471.593 
411.262 410.522 408.817 418.859 -13929.2 -4256.7 -4936.97 442.342 444.767 444.628 448.122 442.951 451.425 464.809 461.623 472.707 476.67 481.966 479.262 -1877.5 -824.964 6.03571 -181.912 -175.233 -143.621 -124.319 -164.784 -32.1704 -177.809 -6519.87 -9500.16 -494.922 -934.652 -722.155 -2654.54 
417.499 411.249 415.181 417.558 422.185 431.946 -14666.6 426.85 445.323 438.895 443.058 444.081 450.717 465.918 456.284 457.72 471.413 488.201 -10404.7 -358.943 -1412.04 -2791.41 -5810.99 -145.959 -45.1169 55.6687 -11.144 -12.1986 -108.93 -1182.81 -1289.72 -1724.32 -5215.92 -8866.53 -3433.87 
416.67 410.84 406.047 410.732 402.331 404.874 407.644 416.446 438.125 443.272 -275122 446.79 452.388 461.907 466.458 457.225 471.853 478.448 480.43 486.591 -1974.05 499.801 502.578 -1100.42 -1266.85 -3578.41 -68.9417 -111.422 -224.045 -63.3893 -74.5788 -149.64 51.583 36.6857 -157.486 
416.47 404.718 415.026 -25382.7 -9331.68 -15708.8 412.844 418.213 435.819 452.855 454.505 450.746 450.4 457.678 461.057 462.056 477.005 464.203 446.398 449.208 464.756 477.789 489.617 487.152 491.532 -1933.8 -760.393 -110.807 -162.924 -213.589 -111.422 -71.7395 -93.1062 -81.0585 -59.4175 
422.688 417.586 431.938 428.606 -7228.92 -13925 415.889 443.873 446.162 463.629 457.867 452.886 447.753 -16689.9 436.166 -82154.6 474.788 475.576 456.717 -23024 -5437.29 -7876.93 -8648.78 -20355 488.454 -3054.69 -811.307 -97.0264 108.442 51.4361 78.1047 87.3007 64.2099 -132.49 -164.235 
423.469 423.309 434.902 443.25 -17143.8 -16317.6 408.521 414.605 419.262 441.398 463.051 458.604 449.069 -8543.59 442.185 469.154 481.379 468.69 -23075.6 468.298 -3144.04 -5484.98 459.855 477.554 -8900.91 -12309.6 -169.141 -100.116 67.1396 69.0509 73.6857 67.1396 59.1712 -157.486 -187.718 
432.392 428.423 421.281 424.83 -52135.1 407.735 400.104 -9423.18 419.715 415.942 440.538 464.572 450.1 444.673 463.897 488.257 489.993 474.62 -10455.8 474.56 -2215.42 -44659.4 -4212.09 -4772.1 -6995.17 -13.5362 3.59507 73.6857 -358.407 -347.305 -428.562 -415.816 78.1047 104.852 -143.621 
436.567 439.334 427.355 428.833 421.292 415.74 393.627 -21435.1 407.949 428.961 439.882 466.694 454.118 437.712 -98378.5 494.25 493.747 486.777 -5542.11 -5542.11 -2158.67 -6317.2 -6917.7 -101 -161.544 -153.777 90.8334 94.1134 -316.986 -347.305 -453.961 -369.618 97.1316 86.2533 -15.1941 
427.436 424.04 420.104 416.169 426.035 423.029 401.588 -52262.1 402.545 417.226 431.814 459.795 463.538 459.43 445.071 -3017.17 478.339 -6157.35 -4815.31 -7442.6 -5363.33 -1878.16 -101.021 -74.6835 -118.477 93.4086 97.6547 -357.087 -325.418 -415.816 -452.653 -391.562 -380.205 87.3007 87.3007 
418.042 414.446 -42027 406.43 405.101 416.028 -601810 404.307 406.046 415.16 436.653 456.672 459.474 470.266 481.17 481.97 494.963 -7206.34 -6814.62 -6394.46 -174.138 -131.181 -75.3869 -188.75 -187.243 83.5251 79.5163 -403.755 -379.503 -403.949 -465.227 -442.284 -428.562 82.2975 70.8376 
415.366 -11693.4 -11569.7 -312859 408.378 421.145 415.21 -111107 -66614.6 -17677.3 431.566 457.6 464.574 476.289 490.523 495.861 492.552 -4870.75 -4136.11 -130.525 -136.995 -151.804 -164.16 -143.621 -71.7395 -13.5362 56.296 66.1858 88.2858 94.7824 -403.949 -440.23 83.5251 87.3007 95.4225 
417.345 406.689 407.033 417.006 416.837 420.695 413.132 416.307 412.835 428.598 440.667 454.187 465.074 482.704 492.904 496.394 -5524.72 -2185.95 -50.0389 -127.045 -172.874 -173.858 -173.858 -158.823 -104.911 -24.274 -13.5362 -35.5626 -104.911 102.612 87.3007 70.8376 80.8407 98.1607 106.665 
412.261 406.116 -20504.7 426.359 396.204 -1.41124e+06 403.992 395.025 -34443.7 429.232 453.392 464.96 472.383 486.331 495.117 496.311 -5524.72 -5240.73 -5524.72 -143.621 -171.783 -173.552 -112.632 -59.4175 -5793.89 -4870.75 -4450.17 -6476.52 -6157.35 -143.621 -124.319 -81.0585 -78.6325 -170.869 -183.119 
402.698 400.331 412.861 424.853 431.337 -52262.1 -35310 -35310 418.716 431.867 453.355 471.151 480.677 489.896 500.887 494.601 -6162.06 -6162.06 -5810.99 -5381.46 -3549.08 -4719.87 -1913.41 -4450.17 -8574.15 479.231 482.251 492.389 -5535.16 -6476.52 -113.523 -81.0585 -22.6692 -1640.63 -5363.33 
391.042 -6.03307e+07 403.166 407.663 413.177 399.703 -14176.4 -800976 412.557 -79844.7 449.277 480.221 488.546 492.125 496.857 -6162.06 -5810.99 -5199.83 -3824.93 -3676.08 -5001.92 503.902 494.019 477.536 -4577.42 -2485.09 -3620.35 -9213.35 488.151 494.003 -5344.37 -2625.02 -2791.41 -3168.7 -3860.49 
409.611 415.86 425.138 432.17 419.531 396.037 -62958.3 -11788.4 -17182.1 440.158 460.007 484.779 491.23 496.125 494.492 -5535.16 -6162.06 -5381.46 495.348 496.559 502.214 485.009 465.735 -14912.3 -8412.55 460.522 469.811 474.664 -62344.9 -9213.35 478.898 483.453 488.307 495.653 493.687 
443.949 442.494 436.866 430.971 413.893 -414745 -73260.9 -28402.2 -17305.6 -16204.3 467.591 486.498 495.144 496.214 -5535.16 -3099.57 -3824.93 492.22 497.284 495.449 477.915 -34188.1 -81180.7 460.17 459.116 468.228 472.35 -83020.9 -27282.9 477.261 473.015 471.669 470.462 478.06 482.674 
-24275.2 -67093.1 428.174 -61759.2 -14757.2 -13795.3 -48180.5 -154741 -26339.4 -20809 -29256.9 474.976 489.447 492.758 -4429.97 -2009.05 -145443 488.221 497.246 488.665 466.363 -81180.7 464.03 467.867 467.887 473.074 475.026 472.999 476.018 480.213 479.902 483.23 481.364 474.842 465.27 
451.325 445.387 -39540 -11256.7 -8400.5 -9588.36 -54455.5 410.899 420.132 432.969 445.617 -24092.9 -14846.4 482.706 -5542.11 -5535.16 489.841 487.164 494.11 477.888 458.857 -24057.9 -66466.5 460.77 472.362 478.772 480.34 481.969 482.46 482.791 482.82 482.872 480.301 481.778 482.835 
-39136.3 433.283 427.937 -19405.8 -8914.22 -9588.36 -11063.8 407.694 422.134 439.308 461.789 -31259.1 -5365.4 -6404.96 -6214.76 494.716 495.627 483.768 485.682 470.574 455.336 -29953.2 -145800 462.773 474.583 485.088 485.557 485.889 487.924 485.872 487.629 486.348 479.479 479.447 478.611 
419.103 427.573 439.714 -33642.9 -14996.6 -13327.7 -41858.6 420.019 419.938 429.211 454.759 460.156 471.493 484.814 491.216 491.42 496.925 491.786 480.271 468.612 451.958 -107194 462.331 468.053 478.264 490.267 485.438 484.305 486.002 491.273 487.355 480.768 477.903 479.278 482.923 
436.229 -53490.5 451.601 422.515 -132046 -23912.5 399.156 426.164 430.228 434.905 445.686 464.975 477.317 486.551 493.456 487.438 495.809 497.244 487.73 482.215 461.026 -61098.1 472.625 476.726 486.812 493.699 493.615 487.481 490.059 493.486 489.353 475.639 462.7 458.555 455.242 
-4371.04 456.218 449.653 421.333 -974340 402.638 -2.51934e+06 410.821 427.888 437.094 451.303 468.828 476.285 483.585 489.111 489.8 492.436 499.514 500.191 476.836 468.668 472.385 480.113 486.843 491.004 495.22 496.633 499.909 502.458 499.964 495.021 472.127 -8805.03 433.623 -129234 
-1275.65 463.044 458.527 431.224 408.532 406.191 408.698 406.748 408.684 421.526 440.953 455.181 458.623 467.746 481.166 493.018 492.494 490.419 496.621 487.171 477.261 473.453 477.838 480.068 487.691 491.318 499.103 -4765.31 -3031.67 -5135.7 499.804 488.497 463.114 -20648.5 -22846.3 
-498.484 -4352.26 463.047 440.755 417.363 -49667.4 422.447 425.086 421.553 419.414 414.397 422.144 440.235 451.8 471.909 492.791 -4870.75 492.391 492.503 486.487 479.252 476.608 456.6 460.338 471.42 488.415 -4765.31 -124.168 -100.475 -92.598 -5610.48 494.538 470.579 -32807.5 -23198.4 
-338.497 -3760.54 -32807.5 432.994 433.851 439.319 452.251 459.365 460.271 445.472 411.272 413.915 -249608 456.714 469.336 489.284 494.588 493.028 487.544 482.392 463.733 450.117 444.575 433.586 459.589 491.916 -4666.25 -149 102.087 99.4819 -87.929 -5691.14 490.248 467.586 -1.26106e+06 
462.405 453.955 423.812 413.116 435.582 464.219 465.002 469.015 475.516 466.528 437.243 429.258 460.49 472.312 475.554 488.675 496.762 491.213 478.347 465.427 437.635 427.763 419.088 -2.20521e+06 437.867 479.346 -5051.66 -165.458 99.4819 96.5858 89.9607 -108.354 -5720.34 477.746 -8141.3 
445.841 441.666 409.281 388.013 408.761 449.857 461.73 463.893 466.589 463.623 464.315 465.942 479.36 485.19 482.08 485.934 499.013 485.903 470.258 460.947 450.479 431.205 418.743 402.832 416.276 468.321 492.422 -6162.06 -127.045 89.0284 96.5858 -130.525 -140.322 -5810.99 -10455.8 
437.752 425.028 391.169 -1.89087e+06 382.162 431.272 458.242 462.967 460.906 456.417 457.995 463.32 475.484 478.226 481.765 480.316 493.476 493.575 476.936 466.359 459.12 445.905 440.119 422.895 -119315 448.664 486.722 492.236 493.435 -140.322 -149 -140.322 -165.458 -149 -5929.23 
423.147 -228551 386.956 -143544 383.343 399.067 449.247 462.44 445.55 443.376 450.083 -15901 470.341 479.984 479.235 480.532 482.002 495.158 484.861 473.681 467.48 463.125 450.852 440.294 424.375 427.092 463.199 460.907 491.608 -6394.46 -112.632 104.394 109.246 109.334 96.0101 
-245045 393.722 382.044 383.277 385.153 389.558 414.449 429.795 427.539 446.898 462.223 466.488 473.503 479.842 485.017 482.105 478.862 491.833 483.516 478.849 471.002 464.834 455.451 438.063 419.147 439.841 453.244 461.89 491.473 -6162.06 -164.568 -119.801 96.5858 -378.837 -342.437 
 ==== latent_heat_flux
29177.5 25085.2 0 0 0 0 0 61406.2 33163.3 243098 0 0 18402.9 5987.43 0 0 0 1845.88 2373.58 7008.62 5854.81 4511.18 9158.07 3450.66 6706.84 487.129 606.008 547.229 530.948 382.046 366.719 657.145 1152.23 0 0 
0 0 0 0 0 0 0 0 0 0 0 0 0 0 0 0 0 2268.57 6292.06 6652.69 488.64 584.16 643.188 675.592 606.938 457.7 649.419 498.423 348.367 407.046 404.615 524.984 3482.14 0 0 
0 0 0 0 0 0 0 0 0 0 0 0 0 0 0 0 0 0 7938.19 2266.45 480.471 515.953 609.54 650.003 669.803 586.961 672.169 490.962 551.565 577.744 496.744 655.773 970.244 5444.74 0 
0 0 0 0 0 0 67546.3 0 0 0 0 0 0 0 0 0 0 0 7822.67 1069.4 490.39 498.126 624.952 400.519 657.417 591.547 626.003 635.4 640.268 485.156 627.802 588.49 733.318 1032.28 0 
0 0 0 0 14382.2 4732.36 5396.38 0 0 0 0 0 0 0 0 0 0 0 0 2372.46 1328.82 496.754 672.595 674.745 642.956 625.023 657.306 525.9 663.814 7009.96 9966.07 910.238 1360.04 1159.7 3126.94 
0 0 0 0 0 0 15092.9 0 0 0 0 0 0 0 0 0 0 0 10891.5 854.007 1909.22 3290.52 6308.3 650.485 544.81 442.484 508.133 509.163 593.935 1636.34 1745.35 2173.61 5692.86 9347.44 3906.08 
0 0 0 0 0 0 0 0 0 0 275565 0 0 0 0 0 0 0 0 0 2467.58 0 0 1605.16 1768.33 4074.65 570.78 606.521 681.382 461.098 492.283 629.79 455.294 464.783 653.459 
0 0 0 25804.3 9744.96 16123.1 0 0 0 0 0 0 0 0 0 0 0 0 0 0 0 0 0 0 0 2394.34 1192.37 558.56 607.135 669.039 606.313 579.412 598.348 585.663 568.198 
0 0 0 0 7646.01 14343.1 0 0 0 0 0 0 0 17122.3 0 82603 0 0 0 23470.3 5878.53 8315.03 9089.44 20820.9 0 3506.19 1219.34 534.805 373.418 459.107 432.729 422.642 445.303 627.885 657.069 
0 0 0 0 17560.7 16730.2 0 0 0 0 0 0 0 8963.3 0 0 0 0 23527.3 0 3599.93 5938.35 0 0 9388.07 12787 643.842 594.184 445.62 441.482 437.831 447.241 449.132 649.687 676.783 
0 0 0 0 52540.1 0 0 9820.16 0 0 0 0 0 0 0 0 0 0 10918.9 0 2665.3 45125.2 4700.45 5258.64 7485.45 518.814 510.228 435.72 869.127 859.747 943.121 928.388 433.386 400.273 646.223 
0 0 0 0 0 0 0 21817.7 0 0 0 0 0 0 98825 0 0 0 6024.65 6026.15 2625.44 6809.83 7404.86 542.017 634.093 660.613 417.738 413.045 825.252 859.077 968.917 880.085 415.464 426.915 524.558 
0 0 0 0 0 0 0 52651.6 0 0 0 0 0 0 0 3460.59 0 6654.66 5301.22 7936.68 5853.24 2351.64 561.917 521.051 573.898 418.577 410 870.788 838.859 927.096 961.774 909.307 896.81 421.735 420.357 
0 0 42438.6 0 0 0 602220 0 0 0 0 0 0 0 0 0 0 7702.16 7307.87 6892.22 669.262 621.7 561.337 669.004 674.202 424.108 427.842 919.498 897.937 913.101 975.22 963.201 945.47 428.565 433.134 
0 12107.4 11964.3 313259 0 0 0 111521 67026.5 18087.7 0 0 0 0 0 0 0 5369.5 4639.61 639.876 642.819 653.329 663.477 645.014 577.685 518.008 449.181 439.226 416.959 409.521 912.411 952.607 427.094 421.765 405.45 
0 0 0 0 0 0 0 0 0 0 0 0 0 0 0 0 6025.83 2691.33 558.929 632.35 672.515 671.166 673.28 662.032 609.57 530.137 518.203 540.334 607.975 404.397 420.416 434.286 422.34 401.325 389.766 
0 0 20916.6 0 0 1.41164e+06 0 0 34851 0 0 0 0 0 0 0 6025.75 5741.94 6026.5 646.126 673.085 678.026 622.288 566.53 6292.17 5371.94 4950.46 6977.9 6654.21 645.424 625.747 584.048 578.731 662.589 675.203 
0 0 0 0 0 52649.8 35704.9 35702.2 0 0 0 0 0 0 0 0 6661.64 6661.75 6311.08 5880.17 4051.79 5231.16 2419.87 4950.63 9062.6 0 0 0 6032.41 6975.99 613.842 582.754 524.805 2136.25 5854.48 
0 6.03311e+07 0 0 0 0 14560.8 801377 0 80271.7 0 0 0 0 0 6659.12 6308.71 5697.13 4322.06 4175.38 5507.51 0 0 0 5037.23 2936.47 4077.5 9686.41 0 0 5842.29 3126.51 3290.33 3665.61 4356.64 
0 0 0 0 0 0 63338.7 12170 17594.4 0 0 0 0 0 0 6028.22 6658.2 5879.16 0 0 0 0 0 15360.4 8861.39 0 0 0 62816.1 9686.94 0 0 0 0 0 
0 0 0 0 0 415133 73645.5 28787.1 17696 16613.1 0 0 0 0 6027.78 3589.53 4317.11 0 0 0 0 34655.1 81642.3 0 0 0 0 83494.9 27758.3 0 0 0 0 0 0 
24753.2 67550.8 0 62174.8 15154.7 14177.2 48571.9 155136 26738.2 21225.3 29691.5 0 0 0 4913.48 2488.94 145925 0 0 0 0 81637.9 0 0 0 0 0 0 0 0 0 0 0 0 0 
0 0 39964.8 11659.6 8790.33 9978.29 54850.2 0 0 0 0 24540.5 15307 0 6027.45 6027.42 0 0 0 0 0 24508.3 66919.9 0 0 0 0 0 0 0 0 0 0 0 0 
39556.5 0 0 19814.6 9309.39 9975.72 11453.2 0 0 0 0 31712.7 5830.96 6881.82 6707.64 0 0 0 0 0 0 30405.5 146255 0 0 0 0 0 0 0 0 0 0 0 0 
0 0 0 34062.9 15390 13718.4 42262.7 0 0 0 0 0 0 0 0 0 0 0 0 0 0 107639 0 0 0 0 0 0 0 0 0 0 0 0 0 
0 53922.6 0 0 132448 24308 0 0 0 0 0 0 0 0 0 0 0 0 0 0 0 61557.3 0 0 0 0 0 0 0 0 0 0 0 0 0 
4852.27 0 0 0 974747 0 2.51974e+06 0 0 0 0 0 0 0 0 0 0 0 0 0 0 0 0 0 0 0 0 0 0 0 0 0 9257.74 0 129646 
1771.76 0 0 0 0 0 0 0 0 0 0 0 0 0 0 0 0 0 0 0 0 0 0 0 0 0 0 5274.05 3544.92 5644.26 0 0 0 21077.4 23265.4 
1013.09 4831.59 0 0 0 50076.6 0 0 0 0 0 0 0 0 0 0 5368.96 0 0 0 0 0 0 0 0 0 5272.17 638.12 614.154 609.451 6117.45 0 0 33250.7 23650.3 
840.265 4233.99 33252.3 0 0 0 0 0 0 0 0 0 250051 0 0 0 0 0 0 0 0 0 0 0 0 0 5170.47 659.698 412.512 416.541 601.286 6194.26 0 0 1.26153e+06 
0 0 0 0 0 0 0 0 0 0 0 0 0 0 0 0 0 0 0 0 0 0 0 2.20562e+06 0 0 5556.89 672.711 413.163 417.896 423.864 618.531 6223.11 0 8604.64 
0 0 0 0 0 0 0 0 0 0 0 0 0 0 0 0 0 0 0 0 0 0 0 0 0 0 0 6660.89 632.84 427.255 417.333 640.794 651.478 6312.27 10920.3 
0 0 0 1.89125e+06 0 0 0 0 0 0 0 0 0 0 0 0 0 0 0 0 0 0 0 0 119724 0 0 0 0 652.351 662.106 652.694 673.458 661.268 6417.97 
0 228960 0 143928 0 0 0 0 0 0 0 16353.2 0 0 0 0 0 0 0 0 0 0 0 0 0 0 0 0 0 6896.68 626.068 409.442 398.645 404.506 422.551 
245444 0 0 0 0 0 0 0 0 0 0 0 0 0 0 0 0 0 0 0 0 0 0 0 0 0 0 0 0 6662.84 669.811 630.576 416.105 901.31 865.373 
 ==== net_radiation_24h
91.0865 91.9243 93.1184 91.5611 91.3903 91.8079 93.9856 84.8288 85.8144 88.7506 92.2881 92.7877 84.4043 84.3341 93.4482 95.2238 96.5418 98.6242 97.6778 96.7272 97.1664 98.9068 97.34 96.0738 97.863 99.3316 97.1581 87.7831 85.6511 95.0623 93.4135 92.4111 94.6907 94.4715 94.4809 
90.969 89.3463 91.9404 90.4111 89.9077 90.4372 96.535 90.7344 88.873 94.0124 94.1963 92.3137 91.0197 90.522 91.8217 95.3852 97.8266 98.9795 98.7181 98.1945 98.2707 98.8177 97.1889 96.5193 98.6973 99.7549 95.1302 84.1745 88.8779 97.5509 96.5062 94.4806 96.3376 96.5172 95.9426 
90.2042 88.8067 91.2558 90.5396 89.9372 90.7045 92.1377 91.4756 90.0281 95.682 95.8694 93.0806 94.6572 94.5548 91.5424 95.1393 96.2162 97.2967 98.4015 98.5122 98.1664 98.2587 99.2723 97.0352 97.6698 100.549 96.0502 85.2902 90.3405 97.9019 98.0978 92.3219 83.8934 90.2121 96.0696 
90.0388 89.0789 88.7615 87.11 89.3404 95.95 95.1265 92.2382 90.0253 90.7405 90.1838 93.1033 94.1581 94.7664 93.6226 95.8237 93.7444 93.1821 97.2474 99.1419 98.6454 98.4792 98.5536 98.0531 97.169 99.7168 97.0743 91.8158 93.2279 98.9114 95.7694 88.5925 77.1425 81.4436 94.4847 
89.6918 89.5545 89.1708 90.703 96.6116 100.683 97.2905 92.6877 93.0188 92.5003 93.1216 91.9042 92.9566 95.5727 94.1755 95.8797 95.9343 96.3791 95.4215 97.4554 98.9248 98.1943 96.9016 98.769 98.3828 98.5381 97.0353 96.5264 95.7254 96.9337 92.4557 82.5099 84.5448 87.1872 94.1334 
90.9537 89.6528 89.8549 90.4493 90.6978 92.0163 90.2271 90.237 93.1367 91.9728 92.1333 92.3105 93.6245 95.8884 93.956 93.4427 95.5883 97.2712 96.5981 97.0835 97.845 98.5039 98.9037 99.5279 97.877 96.5907 97.0921 97.0698 95.0941 90.4917 90.8812 89.4638 93.8615 94.9166 94.0156 
90.6465 88.75 87.9662 88.9536 86.429 86.192 86.0832 87.9844 92.4637 92.912 92.8406 92.9343 93.9509 95.761 95.9131 94.1255 96.2118 97.09 96.2314 96.7591 97.622 99.2157 100.236 99.2242 98.6073 98.0172 98.4609 97.2456 90.0257 77.9226 82.2035 94.2328 98.3848 97.4728 97.6199 
89.9117 87.4554 89.8222 90.659 88.9193 88.3875 87.8224 88.8539 92.016 95.3176 95.0558 93.6568 93.5525 94.2523 94.7764 94.8782 97.0305 94.564 91.0058 90.8036 93.4983 95.7525 98.0189 97.1451 98.1359 91.8275 86.0467 88.5605 87.6453 89.7415 97.1614 99.6207 99.2333 98.9935 99.7376 
91.2286 90.0969 93.3282 92.076 89.7514 89.9204 88.561 93.0233 94.1094 97.1468 95.5338 93.8841 92.3059 89.2111 89.1263 91.727 96.7778 96.0727 92.5343 90.4895 89.5455 88.8059 89.338 93.6883 97.586 89.8039 80.8769 86.4848 94.3457 99.1014 99.5552 99.5539 99.0633 97.3538 97.0259 
91.4493 91.3537 92.8391 94.8084 89.6605 88.7109 87.7687 88.7018 89.0642 93.0219 96.4255 94.8329 92.3983 85.7581 90.336 94.7881 96.9893 94.6951 91.6193 94.8835 91.8473 91.1993 92.2293 95.3971 96.5063 94.2792 93.2136 96.9673 99.7922 99.3894 99.6268 100.088 98.7416 96.8362 96.4859 
92.927 92.0399 90.7193 91.835 87.8013 88.3338 86.6655 85.3765 90.1262 87.8139 91.9032 95.8185 92.5451 90.8447 93.9761 98.2767 97.4208 95.161 93.1942 95.4346 90.6407 93.6217 96.3566 96.0409 97.0656 98.8359 100.459 99.2291 99.3831 99.7991 99.6786 99.3776 99.6939 98.9486 98.9466 
93.9 94.2002 91.8171 92.3384 91.0695 89.9371 85.2338 82.9304 87.6458 90.4149 91.9056 96.1353 93.1123 89.4195 90.5388 98.6087 98.2213 96.8646 96.0566 96.3696 93.1541 97.9368 96.8139 87.2045 93.5763 100.046 99.4185 99.1545 99.1211 99.6607 99.617 99.2305 100.305 100.142 99.571 
92.1916 91.5731 90.8836 89.9843 91.9608 91.4986 86.9837 84.4067 86.4558 88.7903 91.113 95.2467 95.1301 93.592 90.1334 89.2356 96.2021 98.6177 96.7807 98.0543 96.8059 94.5249 91.3637 88.3793 90.1417 100.114 99.3445 99.9587 100.104 99.13 98.4616 100.549 100.412 99.3526 99.0676 
90.4218 89.7743 89.951 88.7616 88.3223 90.0419 88.825 87.566 87.1513 88.3766 92.1522 95.4285 95.3297 95.9981 96.6347 96.3223 99.1062 98.5248 98.0025 98.8585 97.7442 96.402 95.1392 94.5985 96.1703 99.044 98.9183 100.084 100.777 98.7894 98.573 100.872 100.166 99.6195 98.0275 
90.5022 90.4886 86.337 86.7677 88.2497 90.9831 89.9109 88.9062 88.5262 87.4934 91.2231 95.6616 96.2478 97.3032 98.9605 98.7212 98.3478 98.8136 99.7113 100.416 99.7164 98.8834 98.5074 98.7929 99.2994 98.6243 98.1777 98.2918 98.6396 98.5735 98.6298 99.2043 99.631 99.3587 97.8536 
91.4243 88.6123 88.1972 89.8989 89.8292 90.8843 89.3771 89.4483 88.6735 91.165 93.032 95.057 96.3667 98.1413 98.9007 99.1502 99.4093 99.7671 99.8088 99.5147 98.6972 98.4503 98.888 99.2585 99.1733 98.9428 98.6204 98.7718 98.8236 99.2716 99.0576 98.2443 98.0227 97.6131 97.228 
90.2944 88.4115 89.3056 91.2796 85.7525 86.5345 87.4953 84.815 86.7795 91.4305 95.6162 97.13 96.9441 99.0685 99.9874 99.6637 99.3926 99.362 99.5029 99.0287 99.3165 99.7603 100.303 99.4539 98.6086 99.1733 98.9175 99.4246 98.3601 98.7923 98.578 98.6618 98.038 96.8237 97.1681 
87.765 87.3213 89.4091 91.0169 91.7725 84.0252 84.8772 84.2827 89.2038 91.2438 94.943 97.757 98.6088 99.1468 100.187 98.8088 99.3143 99.3359 99.4386 99.2115 100.273 101.575 99.8246 98.9828 96.9432 96.246 96.6955 98.4872 98.901 99.0292 98.2829 98.3935 98.1313 97.3588 96.9471 
84.636 84.7176 86.5508 87.4443 88.5156 85.7932 82.6172 86.1012 87.8767 90.2585 94.1924 98.7585 99.6378 99.3057 99.147 98.7912 98.9918 99.0356 99.1278 99.574 100.535 100.242 98.2228 95.6481 92.4908 90.8199 91.9709 95.1445 97.745 98.3115 98.4381 98.8723 98.3249 97.9874 97.8795 
87.1859 88.4221 90.0182 91.3574 89.1516 85.0197 81.6675 82.004 87.1498 92.2591 95.5557 99.4083 99.9936 99.3306 99.0115 98.1608 98.5942 99.0413 99.4178 99.6619 100.415 97.7374 94.2796 90.8164 90.9835 93.3051 95.0393 96.2082 95.5375 95.2428 96.0834 96.7954 97.6913 98.4739 98.2476 
93.068 93.312 91.9166 91.5043 88.1282 83.2986 82.5897 82.692 83.1508 86.4016 96.333 98.9293 99.6882 99.2219 98.0881 97.7789 98.1395 98.7548 99.6942 99.2539 96.6769 94.7313 94.3913 93.9951 93.6207 95.4703 95.6856 96.0832 96.4375 96.6143 95.6632 95.4554 95.2685 96.5374 97.0483 
100.32 96.0491 90.497 87.8602 84.7395 82.0446 84.0926 84.8711 84.9476 87.2407 90.394 96.881 98.8016 98.7117 96.364 95.8778 96.9651 98.1889 99.804 98.6376 95.1848 93.4842 94.8455 95.4626 95.3217 96.5282 97.0817 96.5924 97.0761 97.9549 97.9133 97.8434 97.4128 96.1193 94.2017 
93.8347 93.291 89.0658 85.1499 83.0581 83.0852 84.793 87.4493 88.6764 90.7065 91.895 91.6411 93.5521 97.0314 96.6618 98.0035 98.3312 97.9299 99.7654 97.3057 93.735 92.9005 93.4849 94.7864 96.318 97.6191 97.265 97.5267 98.4415 98.6248 98.5877 98.4394 97.8127 98.1475 98.4127 
87.335 90.7165 89.6149 86.3851 83.4795 82.5205 82.9662 86.8467 89.1059 91.9534 95.0059 92.8797 94.6907 96.141 98.1082 99.0276 99.4007 97.8458 97.9834 95.9184 93.7489 93.274 93.8312 95.2415 96.786 98.1217 98.2671 98.3447 98.7704 99.1559 99.5533 99.0693 98.3098 98.2844 98.1588 
86.9612 88.8416 92.0787 88.0445 83.0681 83.2425 86.0994 89.4743 88.7261 89.8722 94.1288 94.6281 96.2235 97.9271 98.4105 98.4228 99.8443 99.1997 96.8137 95.5881 93.0575 92.56 95.2653 96.2526 97.5577 99.0934 97.9842 97.921 98.4135 99.5562 99.2776 98.6727 98.0779 98.2995 98.7843 
89.9461 89.8748 93.8196 88.5222 84.8541 83.4823 84.9219 89.9072 90.7443 90.9772 92.4849 95.2408 96.5235 97.8286 98.6469 97.7149 99.1827 99.6054 98.5338 98.2131 94.9118 94.7135 97.15 97.0031 98.3988 99.5809 98.9755 97.9505 99.2126 99.824 99.2832 97.4533 95.2021 94.8757 94.1357 
98.8226 94.0645 93.317 88.2514 86.1425 84.9512 84.1356 86.7402 89.5267 91.2813 93.5195 96.0919 96.8015 97.5361 98.4614 97.9575 98.2218 99.2427 99.7369 97.2432 96.3424 97.1483 98.1166 98.2018 98.8341 99.3637 99.7643 100.378 100.723 100.084 99.8024 96.2921 93.3174 89.8989 85.321 
101.269 94.7866 94.3723 89.5516 85.4893 84.9927 85.4879 85.1134 85.4647 88.1073 91.3117 93.5788 94.1751 95.3714 97.2085 98.4746 98.3658 97.9626 99.3975 98.1737 97.285 97.0894 97.235 97.5934 98.4656 98.5553 100.102 101.16 101.513 100.986 100.133 98.3458 94.5562 88.2006 86.0873 
105.111 97.6305 94.6815 91.4207 87.3645 85.6939 87.742 88.2388 87.4721 86.8601 85.0564 86.8476 90.6325 92.376 95.7024 98.68 98.6482 98.2596 98.5469 97.892 97.1846 97.592 94.0006 93.9966 95.539 98.1693 100.844 101.225 101.022 101.632 100.644 98.953 95.2523 90.4402 92.2953 
101.765 96.4235 91.0203 89.864 90.813 91.2216 93.8303 94.4779 94.6475 91.5723 84.3964 85.1249 91.3412 93.3954 95.2263 98.0797 98.7157 98.259 98.1119 98.0135 95.2029 92.6467 91.5404 89.2489 93.9215 98.8976 100.377 100.725 100.808 101.034 100.828 99.72 98.0048 94.6244 95.8618 
93.7296 92.4809 87.241 85.7097 91.1494 95.9126 95.9678 96.3884 96.9136 95.2046 89.897 88.3009 94.1901 96.2704 96.2266 97.953 98.9941 98.7971 97.3438 95.784 90.8142 88.7893 87.6574 85.5872 90.838 98.0095 100.523 100.165 100.338 100.648 100.32 100.287 99.7128 95.8023 93.9426 
90.8618 90.1133 84.789 81.7562 86.1516 93.6671 94.8372 95.086 95.663 95.2677 95.3285 95.6246 97.4025 98.5303 97.3585 97.3913 99.3617 98.3981 96.0553 95.4713 93.321 90.1392 88.2265 84.9361 87.0654 96.5691 99.6304 99.0733 99.5745 100.877 100.515 100.482 100.734 99.5348 93.2813 
89.7196 88.0115 82.4078 80.5978 81.2369 91.1648 95.9791 96.2581 95.2861 93.9242 94.0819 94.3545 96.8585 97.5701 97.4954 97.0976 99.5293 99.2011 97.8917 96.4001 95.4543 93.7114 92.5902 89.9251 86.3035 93.528 98.8001 99.0786 98.4816 100.967 101.204 100.985 100.302 100.976 97.0882 
87.7758 85.6396 82.3165 82.4077 82.2048 85.5237 94.9137 96.7939 93.073 92.1128 92.7936 92.5723 96.1427 97.2603 97.1816 97.2365 97.496 99.5973 98.4862 97.1652 96.435 96.2584 94.7646 93.5485 89.4329 89.3257 95.0304 94.0609 98.4914 99.7126 101.029 100.701 99.6895 100.85 101.382 
83.445 83.0071 81.8801 82.9357 83.3606 83.5265 88.8363 91.3538 90.2037 92.835 95.1847 95.3661 96.7701 97.3445 98.3931 97.5884 96.9087 98.8702 97.9051 97.312 96.3474 95.8233 94.9497 92.2959 88.3433 91.9632 93.2533 93.5874 98.7157 99.454 99.6491 100.478 100.223 101.444 101.75 
 ==== evapotranspiration_fraction
70.5698 60.1067 0 0 0 0 0 150.335 80.288 569.477 0 0 44.4825 14.3679 0 0 0 3.68301 4.78466 14.3398 11.9127 9.02116 18.6706 7.16516 13.6294 0.956583 1.22528 1.23239 1.2236 0.785982 0.768685 1.39562 2.37551 0 0 
0 0 0 0 0 0 0 0 0 0 0 0 0 0 0 0 0 4.51751 12.6302 13.4306 0.970626 1.16112 1.30322 1.38342 1.20897 0.889984 1.34282 1.16805 0.769004 0.814931 0.817865 1.08483 7.11765 0 0 
0 0 0 0 0 0 0 0 0 0 0 0 0 0 0 0 0 0 16.0176 4.5324 0.954661 1.02694 1.2079 1.31976 1.35765 1.14697 1.38022 1.13709 1.20946 1.15754 0.987995 1.40292 2.29989 12.1248 0 
0 0 0 0 0 0 149.035 0 0 0 0 0 0 0 0 0 0 0 15.9455 2.11446 0.970728 0.988028 1.24832 0.799782 1.34102 1.16579 1.26846 1.3683 1.3588 0.956415 1.28778 1.31228 1.87805 2.51358 0 
0 0 0 0 31.7509 9.94917 11.7463 0 0 0 0 0 0 0 0 0 0 0 0 4.79323 2.6373 0.987996 1.37073 1.35081 1.28762 1.24829 1.33457 1.06516 1.36586 14.3033 21.3907 2.19168 3.19717 2.65046 6.61929 
0 0 0 0 0 0 35.401 0 0 0 0 0 0 0 0 0 0 0 22.372 1.72504 3.84015 6.59279 12.6847 1.2893 1.09029 0.88825 1.02242 1.02455 1.2246 3.60801 3.83057 4.8379 11.9362 19.4368 8.2719 
0 0 0 0 0 0 0 0 0 0 622.645 0 0 0 0 0 0 0 0 0 4.99982 0 0 3.18013 3.52618 8.21104 1.13738 1.22505 1.48989 1.15939 1.17854 1.31165 0.898234 0.926843 1.31753 
0 0 0 61.2032 23.5797 38.9091 0 0 0 0 0 0 0 0 0 0 0 0 0 0 0 0 0 0 0 5.19906 2.76028 1.24747 1.36677 1.46896 1.22514 1.14131 1.18428 1.16064 1.11678 
0 0 0 0 18.332 34.3075 0 0 0 0 0 0 0 39.5931 0 184.231 0 0 0 52.5921 13.3225 18.9795 20.6271 44.6896 0 7.7658 2.98834 1.22163 0.774951 0.899252 0.847103 0.828803 0.873978 1.26744 1.33325 
0 0 0 0 42.1233 40.5554 0 0 0 0 0 0 0 21.3557 0 0 0 0 52.0913 0 7.89652 13.0984 0 0 19.2712 26.7871 1.35631 1.20264 0.869062 0.864747 0.855947 0.869475 0.883591 1.31996 1.38383 
0 0 0 0 129.716 0 0 24.7372 0 0 0 0 0 0 0 0 0 0 23.5757 0 5.92446 96.8891 9.62489 10.8083 15.2677 1.02679 0.993003 0.85535 1.70177 1.67775 1.83287 1.81123 0.8473 0.792423 1.28576 
0 0 0 0 0 0 0 57.0247 0 0 0 0 0 0 221.358 0 0 0 12.4852 12.4496 5.62468 13.8235 15.2001 1.22902 1.34186 1.30341 0.821395 0.81443 1.62366 1.67863 1.88155 1.72408 0.81051 0.83192 1.02983 
0 0 0 0 0 0 0 135.19 0 0 0 0 0 0 0 7.80427 0 13.3813 10.91 16.0636 11.9477 4.96669 1.21918 1.16731 1.26015 0.817556 0.807636 1.69513 1.6338 1.81328 1.88909 1.75628 1.73597 0.828498 0.828033 
0 0 103.097 0 0 0 1468.97 0 0 0 0 0 0 0 0 0 0 15.534 14.8159 13.8463 1.35171 1.26743 1.15513 1.39302 1.38452 0.835462 0.843274 1.78286 1.73202 1.79337 1.91222 1.84905 1.82909 0.838905 0.859441 
0 29.2449 30.3143 782.421 0 0 0 269.583 162.7 44.0755 0 0 0 0 0 0 0 10.766 9.21475 1.25626 1.27084 1.30269 1.32877 1.28644 1.14179 1.02683 0.888628 0.869046 0.825261 0.812053 1.79445 1.85919 0.836424 0.828508 0.809487 
0 0 0 0 0 0 0 0 0 0 0 0 0 0 0 0 12.025 5.32528 1.09833 1.25142 1.346 1.3496 1.34812 1.31562 1.20788 1.04799 1.02682 1.07045 1.20854 0.797613 0.828053 0.859762 0.83934 0.803476 0.785136 
0 0 50.7835 0 0 3534.64 0 0 85.5801 0 0 0 0 0 0 0 12.0268 11.4562 12.0104 1.28581 1.34268 1.34402 1.221 1.11717 12.6276 10.7184 9.89522 13.9174 13.3924 1.28621 1.24793 1.16115 1.15723 1.34749 1.37213 
0 0 0 0 0 135.79 90.4038 91.025 0 0 0 0 0 0 0 0 13.3344 13.3318 12.6197 11.7909 8.0599 10.2314 4.778 9.89223 18.5535 0 0 0 12.1316 13.9668 1.2269 1.16157 1.04515 4.31024 11.9201 
0 152974 0 0 0 0 37.8752 1999.73 0 188.003 0 0 0 0 0 13.3971 12.6751 11.4562 8.69397 8.36235 10.8933 0 0 0 10.9551 6.50557 8.91939 20.4759 0 0 11.7335 6.23455 6.59485 7.37674 8.78075 
0 0 0 0 0 0 166.514 31.8886 42.6719 0 0 0 0 0 0 12.2262 13.4201 11.8127 0 0 0 0 0 34.2758 19.7427 0 0 0 133.302 20.4539 0 0 0 0 0 
0 0 0 0 0 1070.22 191.491 74.7819 45.3195 40.635 0 0 0 0 12.2363 7.3262 8.77138 0 0 0 0 74.2094 176.882 0 0 0 0 176.186 58.3839 0 0 0 0 0 0 
51.7789 147.579 0 149.587 38.1198 37.1266 124.091 392.672 67.0467 50.9916 68.3225 0 0 0 10.162 5.18649 302.784 0 0 0 0 178.541 0 0 0 0 0 0 0 0 0 0 0 0 0 
0 0 94.0749 28.9382 22.5491 25.5898 138.97 0 0 0 0 54.8174 33.2314 0 12.419 12.2444 0 0 0 0 0 54.4053 147.595 0 0 0 0 0 0 0 0 0 0 0 0 
94.1335 0 0 48.4758 23.5579 25.7535 29.4107 0 0 0 0 69.9144 12.5246 14.4317 13.6089 0 0 0 0 0 0 67.2247 321.366 0 0 0 0 0 0 0 0 0 0 0 0 
0 0 0 81.0962 39.1185 35.1095 104.591 0 0 0 0 0 0 0 0 0 0 0 0 0 0 241.647 0 0 0 0 0 0 0 0 0 0 0 0 0 
0 124.776 0 0 329.492 61.455 0 0 0 0 0 0 0 0 0 0 0 0 0 0 0 134.065 0 0 0 0 0 0 0 0 0 0 0 0 0 
10.0831 0 0 0 2389.26 0 6318.84 0 0 0 0 0 0 0 0 0 0 0 0 0 0 0 0 0 0 0 0 0 0 0 0 0 20.4494 0 314.591 
3.57133 0 0 0 0 0 0 0 0 0 0 0 0 0 0 0 0 0 0 0 0 0 0 0 0 0 0 10.3668 6.90674 11.0987 0 0 0 49.1424 55.5186 
1.96866 10.0799 0 0 0 122.362 0 0 0 0 0 0 0 0 0 0 10.7764 0 0 0 0 0 0 0 0 0 10.4015 1.2416 1.1956 1.17916 12.0668 0 0 75.0144 52.325 
1.67461 8.94299 74.756 0 0 0 0 0 0 0 0 0 564.383 0 0 0 0 0 0 0 0 0 0 0 0 0 10.2544 1.29176 0.801618 0.807214 1.17128 12.3115 0 0 2688.27 
0 0 0 0 0 0 0 0 0 0 0 0 0 0 0 0 0 0 0 0 0 0 0 5390.56 0 0 10.9987 1.32619 0.805944 0.812266 0.824919 1.21239 12.3776 0 18.571 
0 0 0 0 0 0 0 0 0 0 0 0 0 0 0 0 0 0 0 0 0 0 0 0 0 0 0 13.353 1.25118 0.827559 0.81206 1.2558 1.27452 12.5922 23.5108 
0 0 0 4988.8 0 0 0 0 0 0 0 0 0 0 0 0 0 0 0 0 0 0 0 0 292.662 0 0 0 0 1.27405 1.29039 1.27387 1.32571 1.29086 13.1317 
0 559.801 0 374.885 0 0 0 0 0 0 0 36.1642 0 0 0 0 0 0 0 0 0 0 0 0 0 0 0 0 0 13.7323 1.21937 0.796834 0.784903 0.787221 0.814853 
615.231 0 0 0 0 0 0 0 0 0 0 0 0 0 0 0 0 0 0 0 0 0 0 0 0 0 0 0 0 13.305 1.32572 1.23455 0.81161 1.72508 1.65484 
 ==== sensible_heat_flux_24h
-6336.87 -5433.34 93.1184 91.5611 91.3903 91.8079 93.9856 -12667.9 -6804.05 -50452.7 92.2881 92.7877 -3670.11 -1127.37 93.4482 95.2238 96.5418 -264.61 -369.677 -1290.33 -1060.35 -793.347 -1720.06 -592.31 -1235.95 4.31264 -21.8881 -20.3997 -19.1519 20.3451 21.6079 -36.5599 -130.248 94.4715 94.4809 
90.969 89.3463 91.9404 90.4111 89.9077 90.4372 96.535 90.7344 88.873 94.0124 94.1963 92.3137 91.0197 90.522 91.8217 95.3852 97.8266 -348.162 -1148.11 -1220.62 2.88657 -15.9213 -29.4693 -37.0076 -20.6252 10.9747 -32.6122 -14.1458 20.5304 18.0537 17.5771 -8.01517 -589.36 96.5172 95.9426 
90.2042 88.8067 91.2558 90.5396 89.9372 90.7045 92.1377 91.4756 90.0281 95.682 95.8694 93.0806 94.6572 94.5548 91.5424 95.1393 96.2162 97.2967 -1477.76 -347.985 4.45075 -2.6473 -20.6384 -31.0276 -34.9314 -14.7777 -36.5201 -11.6927 -18.9227 -15.4239 1.17763 -37.1984 -109.053 -1003.59 96.0696 
90.0388 89.0789 88.7615 87.11 89.3404 95.95 -14082.1 92.2382 90.0253 90.7405 90.1838 93.1033 94.1581 94.7664 93.6226 95.8237 93.7444 93.1821 -1453.42 -110.49 2.88754 1.17897 -24.4732 19.6321 -33.1369 -16.5317 -26.0609 -33.8154 -33.4505 4.3111 -27.5605 -27.6658 -67.735 -123.272 94.4847 
89.6918 89.5545 89.1708 90.703 -2970.9 -901.031 -1045.51 92.6877 93.0188 92.5003 93.1216 91.9042 92.9566 95.5727 94.1755 95.8797 95.9343 96.3791 95.4215 -369.671 -161.97 1.17877 -35.9246 -34.649 -28.2973 -24.4658 -32.4652 -6.28946 -35.022 -1289.54 -1885.24 -98.3251 -185.76 -143.899 -528.963 
90.9537 89.6528 89.8549 90.4493 90.6978 92.0163 -3103.9 90.237 93.1367 91.9728 92.1333 92.3105 93.6245 95.8884 93.956 93.4427 95.5883 97.2712 -2064.49 -70.3898 -277.894 -550.911 -1155.66 -28.7934 -8.83723 10.794 -2.17711 -2.3827 -21.3578 -236.003 -257.246 -343.353 -1026.49 -1749.96 -683.672 
90.6465 88.75 87.9662 88.9536 86.429 86.192 86.0832 87.9844 92.4637 92.912 -57713.9 92.9343 93.9509 95.761 95.9131 94.1255 96.2118 97.09 96.2314 96.7591 -390.47 99.2157 100.236 -216.321 -249.1 -706.806 -13.5264 -21.8851 -44.1028 -12.4198 -14.677 -29.368 10.0123 7.13077 -30.9971 
89.9117 87.4554 89.8222 -5457.96 -2007.77 -3350.69 87.8224 88.8539 92.016 95.3176 95.0558 93.6568 93.5525 94.2523 94.7764 94.8782 97.0305 94.564 91.0058 90.8036 93.4983 95.7525 98.0189 97.1451 98.1359 -385.589 -151.466 -21.9163 -32.1457 -42.0853 -21.8753 -14.0775 -18.2868 -15.9021 -11.6478 
91.2286 90.0969 93.3282 92.076 -1555.57 -2995.02 88.561 93.0233 94.1094 97.1468 95.5338 93.8841 92.3059 -3442.93 89.1263 -16807.2 96.7778 96.0727 92.5343 -4668.55 -1103.42 -1596.69 -1753.45 -4093.2 97.586 -607.595 -160.811 -19.1679 21.2324 9.98426 15.2217 17.0433 12.4842 -26.0367 -32.3335 
91.4493 91.3537 92.8391 94.8084 -3687.14 -3508.99 87.7687 88.7018 89.0642 93.0219 96.4255 94.8329 92.3983 -1745.67 90.336 94.7881 96.9893 94.6951 -4680.95 94.8835 -633.427 -1103.36 92.2293 95.3971 -1763.28 -2431.19 -33.2129 -19.6491 13.0665 13.4427 14.3516 13.064 11.4944 -30.9839 -37.0342 
92.927 92.0399 90.7193 91.835 -11301.4 88.3338 86.6655 -2026.6 90.1262 87.8139 91.9032 95.8185 92.5451 90.8447 93.9761 98.2767 97.4208 95.161 -2103.92 95.4346 -446.356 -8977.3 -831.065 -941.995 -1384.91 -2.64777 0.70288 14.3535 -69.7438 -67.6384 -83.0194 -80.6185 15.2233 20.5395 -28.2745 
93.9 94.2002 91.8171 92.3384 91.0695 89.9371 85.2338 -4646.15 87.6458 90.4149 91.9056 96.1353 93.1123 89.4195 -19950.9 98.6087 98.2213 96.8646 -1103.23 -1103.4 -430.807 -1255.89 -1374.77 -19.9712 -31.9896 -30.3544 17.7566 18.4001 -61.8181 -67.6331 -87.8178 -71.8506 19.0067 16.8318 -2.97016 
92.1916 91.5731 90.8836 89.9843 91.9608 91.4986 86.9837 -11326.5 86.4558 88.7903 91.113 95.2467 95.1301 93.592 90.1334 -607.183 96.2021 -1221.02 -959.096 -1477.05 -1059.8 -374.951 -20.0255 -14.7871 -23.4502 18.2652 19.1103 -69.484 -63.4457 -80.6209 -87.5409 -76.0437 -73.9 17.0392 17.0364 
90.4218 89.7743 -9183.71 88.7616 88.3223 90.0419 -130392 87.566 87.1513 88.3766 92.1522 95.4285 95.3297 95.9981 96.6347 96.3223 99.1062 -1431.96 -1353.99 -1269.97 -34.3772 -25.7811 -14.7592 -37.1791 -36.979 16.2965 15.5031 -78.3516 -73.7703 -78.377 -89.9203 -85.6449 -83.0464 16.0482 13.7786 
90.5022 -2555.84 -2530.91 -67802.1 88.2497 90.9831 89.9109 -23878.7 -14314.7 -3768.82 91.2231 95.6616 96.2478 97.3032 98.9605 98.7212 98.3478 -965.012 -819.103 -25.7324 -27.0067 -29.9306 -32.3862 -28.2986 -14.08 -2.64632 10.9342 12.8717 17.2362 18.5266 -78.3567 -85.2354 16.2973 17.0392 18.6424 
91.4243 88.6123 88.1972 89.8989 89.8292 90.8843 89.3771 89.4483 88.6735 91.165 93.032 95.057 96.3667 98.1413 98.9007 99.1502 -1095.99 -431.521 -9.81414 -25.0201 -34.1488 -34.418 -34.4247 -31.328 -20.6166 -4.7478 -2.64519 -6.95875 -20.6091 20.0912 17.0327 13.7776 15.7483 19.1833 20.8908 
90.2944 88.4115 -4445.94 91.2796 85.7525 -305782 87.4953 84.815 -7339.82 91.4305 95.6162 97.13 96.9441 99.0685 99.9874 99.6637 -1095.98 -1038.95 -1095.57 -28.3034 -34.0333 -34.32 -22.1665 -11.6528 -1146.58 -963.805 -879.893 -1284.31 -1218.92 -28.2754 -24.4404 -15.8997 -15.4149 -33.6455 -36.1591 
87.765 87.3213 89.4091 91.0169 91.7725 -11325.7 -7588.34 -7587.56 89.2038 91.2438 94.943 97.757 98.6088 99.1468 100.187 98.8088 -1224.98 -1225 -1155.45 -1070.58 -707.916 -937.671 -377.137 -880.178 -1701.69 96.246 96.6955 98.4872 -1100.93 -1284.09 -22.3005 -15.8974 -4.4302 -322.281 -1058.67 
84.636 -1.29595e+07 86.5508 87.4443 88.5156 85.7932 -3046.53 -172093 87.8767 -16878.6 94.1924 98.7585 99.6378 99.3057 99.147 -1224.72 -1155.73 -1035.53 -762.686 -733.098 -994.623 100.242 98.2228 95.6481 -920.753 -500.015 -728.353 -1853.02 97.745 98.3115 -1056.58 -517.552 -550.113 -624.84 -761.576 
87.1859 88.4221 90.0182 91.3574 89.1516 85.0197 -13517.2 -2532.99 -3631.7 92.2591 95.5557 99.4083 99.9936 99.3306 99.0115 -1101.97 -1224.55 -1070.91 99.4178 99.6619 100.415 97.7374 94.2796 -3021.99 -1705.27 93.3051 95.0393 96.2082 -12639.8 -1852.85 96.0834 96.7954 97.6913 98.4739 98.2476 
93.068 93.312 91.9166 91.5043 88.1282 -89064.6 -15732.6 -6101.18 -3685.2 -3424.53 96.333 98.9293 99.6882 99.2219 -1102.15 -618.569 -762.679 98.7548 99.6942 99.2539 96.6769 -6935.22 -16601.7 93.9951 93.6207 95.4703 95.6856 -16832.4 -5533.97 96.6143 95.6632 95.4554 95.2685 96.5374 97.0483 
-5094.12 -14078.7 90.497 -13054.9 -3145.51 -2963.99 -10351.1 -33241.6 -5610.51 -4361.31 -6085.55 96.881 98.8016 98.7117 -882.886 -401.391 -29262.5 98.1889 99.804 98.6376 95.1848 -16597.3 94.8455 95.4626 95.3217 96.5282 97.0817 96.5924 97.0761 97.9549 97.9133 97.8434 97.4128 96.1193 94.2017 
93.8347 93.291 -8289.79 -2378.94 -1789.83 -2043.05 -11698.9 87.4493 88.6764 90.7065 91.895 -4931.89 -3015.32 97.0314 -1103.78 -1101.99 98.3312 97.9299 99.7654 97.3057 93.735 -4961.38 -13704.4 94.7864 96.318 97.6191 97.265 97.5267 98.4415 98.6248 98.5877 98.4394 97.8127 98.1475 98.4127 
-8133.81 90.7165 89.6149 -4101.2 -1883.12 -2042.67 -2357.12 86.8467 89.1059 91.9534 95.0059 -6400.75 -1091.27 -1291.33 -1237.04 99.0276 99.4007 97.8458 97.9834 95.9184 93.7489 -6177.04 -30060.3 95.2415 96.786 98.1217 98.2671 98.3447 98.7704 99.1559 99.5533 99.0693 98.3098 98.2844 98.1588 
86.9612 88.8416 92.0787 -7052.03 -3166.43 -2839.36 -8919.13 89.4743 88.7261 89.8722 94.1288 94.6281 96.2235 97.9271 98.4105 98.4228 99.8443 99.1997 96.8137 95.5881 93.0575 -22274.3 95.2653 96.2526 97.5577 99.0934 97.9842 97.921 98.4135 99.5562 99.2776 98.6727 98.0779 98.2995 98.7843 
89.9461 -11124.3 93.8196 88.5222 -27873.9 -5046.92 84.9219 89.9072 90.7443 90.9772 92.4849 95.2408 96.5235 97.8286 98.6469 97.7149 99.1827 99.6054 98.5338 98.2131 94.9118 -12603.1 97.15 97.0031 98.3988 99.5809 98.9755 97.9505 99.2126 99.824 99.2832 97.4533 95.2021 94.8757 94.1357 
-897.617 94.0645 93.317 88.2514 -205731 84.9512 -531555 86.7402 89.5267 91.2813 93.5195 96.0919 96.8015 97.5361 98.4614 97.9575 98.2218 99.2427 99.7369 97.2432 96.3424 97.1483 98.1166 98.2018 98.8341 99.3637 99.7643 100.378 100.723 100.084 99.8024 96.2921 -1814.97 89.8989 -26755.9 
-260.395 94.7866 94.3723 89.5516 85.4893 84.9927 85.4879 85.1134 85.4647 88.1073 91.3117 93.5788 94.1751 95.3714 97.2085 98.4746 98.3658 97.9626 99.3975 98.1737 97.285 97.0894 97.235 97.5934 98.4656 98.5553 100.102 -947.55 -599.608 -1019.83 100.133 98.3458 94.5562 -4246.19 -4693.36 
-101.817 -886.474 94.6815 91.4207 87.3645 -10400 87.742 88.2388 87.4721 86.8601 85.0564 86.8476 90.6325 92.376 95.7024 98.68 -964.424 98.2596 98.5469 97.892 97.1846 97.592 94.0006 93.9966 95.539 98.1693 -948.08 -24.4556 -19.7598 -18.208 -1113.8 98.953 95.2523 -6693.88 -4737.06 
-68.6514 -765.891 -6713.29 89.864 90.813 91.2216 93.8303 94.4779 94.6475 91.5723 84.3964 85.1249 -51460 93.3954 95.2263 98.0797 98.7157 98.259 98.1119 98.0135 95.2029 92.6467 91.5404 89.2489 93.9215 98.8976 -928.928 -29.3872 19.9986 19.4779 -17.27 -1127.99 98.0048 94.6244 -257606 
93.7296 92.4809 87.241 85.7097 91.1494 95.9126 95.9678 96.3884 96.9136 95.2046 89.897 88.3009 94.1901 96.2704 96.2266 97.953 98.9941 98.7971 97.3438 95.784 90.8142 88.7893 87.6574 -461277 90.838 98.0095 -1005.1 -32.6723 19.4712 18.895 17.5641 -21.2995 -1134.5 95.8023 -1650.66 
90.8618 90.1133 84.789 81.7562 86.1516 93.6671 94.8372 95.086 95.663 95.2677 95.3285 95.6246 97.4025 98.5303 97.3585 97.3913 99.3617 98.3981 96.0553 95.4713 93.321 90.1392 88.2265 84.9361 87.0654 96.5691 99.6304 -1223.85 -25.0109 17.3953 18.8908 -25.7031 -27.6534 -1153.83 -2099.84 
89.7196 88.0115 82.4078 -402006 81.2369 91.1648 95.9791 96.2581 95.2861 93.9242 94.0819 94.3545 96.8585 97.5701 97.4954 97.0976 99.5293 99.2011 97.8917 96.4001 95.4543 93.7114 92.5902 89.9251 -25171.5 93.528 98.8001 99.0786 98.4816 -27.6701 -29.3883 -27.6564 -32.669 -29.37 -1177.85 
87.7758 -47855.5 82.3165 -30811 82.2048 85.5237 94.9137 96.7939 93.073 92.1128 92.7936 -3255.23 96.1427 97.2603 97.1816 97.2365 97.496 99.5973 98.4862 97.1652 96.435 96.2584 94.7646 93.5485 89.4329 89.3257 95.0304 94.0609 98.4914 -1269.57 -22.1626 20.459 21.443 21.4588 18.7707 
-51254.5 83.0071 81.8801 82.9357 83.3606 83.5265 88.8363 91.3538 90.2037 92.835 95.1847 95.3661 96.7701 97.3445 98.3931 97.5884 96.9087 98.8702 97.9051 97.312 96.3474 95.8233 94.9497 92.2959 88.3433 91.9632 93.2533 93.5874 98.7157 -1223.78 -32.4578 -23.5669 18.881 -73.5553 -66.6294 
 ==== latent_heat_flux_24h
6427.95 5525.27 0 0 0 0 0 12752.7 6889.86 50541.4 0 0 3754.51 1211.7 0 0 0 363.234 467.355 1387.05 1157.51 892.254 1817.4 688.384 1333.81 95.0189 119.046 108.183 104.803 74.7173 71.8055 128.971 224.939 0 0 
0 0 0 0 0 0 0 0 0 0 0 0 0 0 0 0 0 447.141 1246.83 1318.81 95.3841 114.739 126.658 133.527 119.322 88.7803 127.742 98.3203 68.3475 79.4972 78.9291 102.496 685.697 0 0 
0 0 0 0 0 0 0 0 0 0 0 0 0 0 0 0 0 0 1576.16 446.497 93.7156 100.906 119.911 128.063 132.601 115.327 132.57 96.9829 109.263 113.326 96.9202 129.52 192.946 1093.8 0 
0 0 0 0 0 0 14177.2 0 0 0 0 0 0 0 0 0 0 0 1550.66 209.632 95.7579 97.3002 123.027 78.4211 130.306 116.249 123.135 125.631 126.678 94.6003 123.33 116.258 144.877 204.715 0 
0 0 0 0 3067.51 1001.71 1142.8 0 0 0 0 0 0 0 0 0 0 0 0 467.126 260.894 97.0155 132.826 133.418 126.68 123.004 129.501 102.816 130.747 1386.47 1977.7 180.835 270.305 231.087 623.096 
0 0 0 0 0 0 3194.13 0 0 0 0 0 0 0 0 0 0 0 2161.09 167.473 375.739 649.415 1254.57 128.321 106.714 85.7967 99.2692 99.4525 116.452 326.495 348.127 432.817 1120.35 1844.87 777.688 
0 0 0 0 0 0 0 0 0 0 57806.8 0 0 0 0 0 0 0 0 0 488.092 0 0 315.545 347.707 804.823 111.987 119.131 134.129 90.3424 96.8805 123.601 88.3725 90.342 128.617 
0 0 0 5548.62 2096.69 3439.08 0 0 0 0 0 0 0 0 0 0 0 0 0 0 0 0 0 0 0 477.417 237.513 110.477 119.791 131.827 119.037 113.698 117.52 114.896 111.385 
0 0 0 0 1645.32 3084.94 0 0 0 0 0 0 0 3532.14 0 16898.9 0 0 0 4759.04 1192.97 1685.49 1842.79 4186.89 0 697.399 241.688 105.653 73.1133 89.1171 84.3336 82.5105 86.5791 123.39 129.359 
0 0 0 0 3776.8 3597.7 0 0 0 0 0 0 0 1831.42 0 0 0 0 4772.56 0 725.274 1194.56 0 0 1859.79 2525.47 126.427 116.616 86.7256 85.9467 85.2752 87.0237 87.2472 127.82 133.52 
0 0 0 0 11389.2 0 0 2111.98 0 0 0 0 0 0 0 0 0 0 2197.12 0 536.997 9070.92 927.421 1038.04 1481.97 101.484 99.7558 84.8756 169.127 167.438 182.698 179.996 84.4706 78.4092 127.221 
0 0 0 0 0 0 0 4729.08 0 0 0 0 0 0 20041.5 0 0 0 1199.29 1199.77 523.961 1353.82 1471.58 107.176 125.566 130.4 81.6619 80.7544 160.939 167.294 187.435 171.081 81.2981 83.3099 102.541 
0 0 0 0 0 0 0 11410.9 0 0 0 0 0 0 0 696.419 0 1319.63 1055.88 1575.11 1156.61 469.476 111.389 103.166 113.592 81.8487 80.2341 169.443 163.55 179.751 186.002 176.593 174.312 82.3134 82.0312 
0 0 9273.66 0 0 0 130481 0 0 0 0 0 0 0 0 0 0 1530.49 1452 1368.83 132.121 122.183 109.898 131.778 133.149 82.7475 83.4152 178.435 174.547 177.166 188.493 186.517 183.213 83.5713 84.2488 
0 2646.33 2617.24 67888.9 0 0 0 23967.6 14403.2 3856.32 0 0 0 0 0 0 0 1063.83 918.814 126.148 126.723 128.814 130.894 127.092 113.379 101.271 87.2434 85.4201 81.4035 80.0469 176.986 184.44 83.3338 82.3195 79.2113 
0 0 0 0 0 0 0 0 0 0 0 0 0 0 0 0 1195.4 531.288 109.623 124.535 132.846 132.868 133.313 130.586 119.79 103.691 101.266 105.731 119.433 79.1803 82.0249 84.4667 82.2744 78.4298 76.3372 
0 0 4535.25 0 0 305869 0 0 7426.6 0 0 0 0 0 0 0 1195.38 1138.31 1195.07 127.332 133.35 134.08 122.47 111.107 1245.19 1062.98 978.811 1383.73 1317.28 127.068 123.018 114.561 113.453 130.469 133.327 
0 0 0 0 0 11409.8 7673.22 7671.84 0 0 0 0 0 0 0 0 1324.3 1324.33 1254.89 1169.79 808.189 1039.25 476.962 979.161 1798.64 0 0 0 1199.83 1383.12 120.583 114.291 102.562 419.64 1155.62 
0 1.29596e+07 0 0 0 0 3129.15 172179 0 16968.9 0 0 0 0 0 1323.51 1254.73 1134.57 861.814 832.672 1095.16 0 0 0 1013.24 590.835 820.324 1948.17 0 0 1155.02 616.424 648.438 722.828 859.456 
0 0 0 0 0 0 13598.8 2614.99 3718.85 0 0 0 0 0 0 1200.14 1323.15 1169.95 0 0 0 0 0 3112.8 1796.26 0 0 0 12735.4 1948.09 0 0 0 0 0 
0 0 0 0 0 89147.9 15815.2 6183.87 3768.35 3510.93 0 0 0 0 1200.23 716.348 860.819 0 0 0 0 7029.95 16696.1 0 0 0 0 16928.5 5630.4 0 0 0 0 0 0 
5194.44 14174.8 0 13142.7 3230.25 3046.04 10435.2 33326.5 5695.46 4448.55 6175.95 0 0 0 979.25 497.269 29359.5 0 0 0 0 16690.8 0 0 0 0 0 0 0 0 0 0 0 0 0 
0 0 8378.86 2464.09 1872.89 2126.14 11783.7 0 0 0 0 5023.53 3108.87 0 1200.45 1199.99 0 0 0 0 0 5054.28 13797.9 0 0 0 0 0 0 0 0 0 0 0 0 
8221.15 0 0 4187.59 1966.6 2125.19 2440.09 0 0 0 0 6493.63 1185.96 1387.47 1335.15 0 0 0 0 0 0 6270.31 30154.1 0 0 0 0 0 0 0 0 0 0 0 0 
0 0 0 7140.08 3249.5 2922.61 9005.23 0 0 0 0 0 0 0 0 0 0 0 0 0 0 22366.9 0 0 0 0 0 0 0 0 0 0 0 0 0 
0 11214.2 0 0 27958.7 5130.4 0 0 0 0 0 0 0 0 0 0 0 0 0 0 0 12697.8 0 0 0 0 0 0 0 0 0 0 0 0 0 
996.439 0 0 0 205817 0 531639 0 0 0 0 0 0 0 0 0 0 0 0 0 0 0 0 0 0 0 0 0 0 0 0 0 1908.29 0 26841.2 
361.664 0 0 0 0 0 0 0 0 0 0 0 0 0 0 0 0 0 0 0 0 0 0 0 0 0 0 1048.71 701.121 1120.82 0 0 0 4334.39 4779.45 
206.928 984.104 0 0 0 10485.7 0 0 0 0 0 0 0 0 0 0 1063.07 0 0 0 0 0 0 0 0 0 1048.92 125.681 120.782 119.84 1214.45 0 0 6784.32 4829.36 
170.416 862.315 6804.32 0 0 0 0 0 0 0 0 0 51551.4 0 0 0 0 0 0 0 0 0 0 0 0 0 1029.3 130.112 80.8097 81.5559 118.098 1227.71 0 0 257702 
0 0 0 0 0 0 0 0 0 0 0 0 0 0 0 0 0 0 0 0 0 0 0 461363 0 0 1105.62 132.837 80.8666 81.7528 82.7558 121.586 1234.21 0 1744.6 
0 0 0 0 0 0 0 0 0 0 0 0 0 0 0 0 0 0 0 0 0 0 0 0 0 0 0 1322.92 124.585 83.4817 81.6242 126.186 128.388 1253.36 2193.12 
0 0 0 402086 0 0 0 0 0 0 0 0 0 0 0 0 0 0 0 0 0 0 0 0 25257.8 0 0 0 0 128.637 130.592 128.641 132.971 130.346 1274.93 
0 47941.1 0 30893.4 0 0 0 0 0 0 0 3347.8 0 0 0 0 0 0 0 0 0 0 0 0 0 0 0 0 0 1369.28 123.192 80.2419 78.2466 79.3915 82.6118 
51337.9 0 0 0 0 0 0 0 0 0 0 0 0 0 0 0 0 0 0 0 0 0 0 0 0 0 0 0 0 1323.23 132.107 124.045 81.3418 174.999 168.379 
 ==== evapotranspiration_24h
228.309 196.247 0 0 0 0 0 452.953 244.715 1795.14 0 0 133.353 43.0375 0 0 0 12.9014 16.5996 49.2655 41.1127 31.6912 64.5506 24.4501 47.3745 3.3749 4.2283 3.84245 3.72241 2.65382 2.5504 4.58081 7.9894 0 0 
0 0 0 0 0 0 0 0 0 0 0 0 0 0 0 0 0 15.8816 44.285 46.8417 3.38787 4.07531 4.49866 4.74263 4.23811 3.15331 4.53717 3.49215 2.42758 2.82359 2.80341 3.64046 24.3547 0 0 
0 0 0 0 0 0 0 0 0 0 0 0 0 0 0 0 0 0 55.9822 15.8587 3.3286 3.58399 4.259 4.54855 4.70975 4.09621 4.70865 3.44465 3.88082 4.02512 3.44242 4.60032 6.85309 38.8497 0 
0 0 0 0 0 0 503.548 0 0 0 0 0 0 0 0 0 0 0 55.0767 7.44573 3.40114 3.45592 4.36968 2.78537 4.62822 4.12893 4.37353 4.46219 4.49938 3.36003 4.38045 4.12928 5.14578 7.27111 0 
0 0 0 0 108.952 35.579 40.5902 0 0 0 0 0 0 0 0 0 0 0 0 16.5915 9.26648 3.44581 4.71774 4.73876 4.49944 4.36887 4.59962 3.65183 4.6439 49.2448 70.2441 6.42292 9.60072 8.20777 22.1312 
0 0 0 0 0 0 113.45 0 0 0 0 0 0 0 0 0 0 0 76.758 5.94834 13.3455 23.066 44.5598 4.55773 3.79029 3.04734 3.52586 3.53237 4.13615 11.5965 12.3648 15.3729 39.7927 65.5265 27.622 
0 0 0 0 0 0 0 0 0 0 2053.19 0 0 0 0 0 0 0 0 0 17.3361 0 0 11.2076 12.3499 28.5858 3.97758 4.2313 4.764 3.20879 3.44102 4.39007 3.13883 3.20878 4.56824 
0 0 0 197.077 74.4705 122.15 0 0 0 0 0 0 0 0 0 0 0 0 0 0 0 0 0 0 0 16.9569 8.43602 3.92393 4.25475 4.68224 4.22796 4.03835 4.1741 4.08087 3.9562 
0 0 0 0 58.4387 109.571 0 0 0 0 0 0 0 125.455 0 600.219 0 0 0 169.032 42.372 59.8656 65.4523 148.711 0 24.7703 8.5843 3.75259 2.59685 3.16527 2.99537 2.93062 3.07513 4.3826 4.5946 
0 0 0 0 134.145 127.784 0 0 0 0 0 0 0 65.0487 0 0 0 0 169.513 0 25.7604 42.4286 0 0 66.0562 89.6999 4.49044 4.142 3.08033 3.05267 3.02882 3.09092 3.09886 4.53993 4.74238 
0 0 0 0 404.524 0 0 75.0136 0 0 0 0 0 0 0 0 0 0 78.0376 0 19.0731 322.182 32.9403 36.8691 52.6369 3.60451 3.54314 3.01462 6.00707 5.94707 6.48909 6.39313 3.00024 2.78495 4.51866 
0 0 0 0 0 0 0 167.968 0 0 0 0 0 0 711.835 0 0 0 42.5965 42.6135 18.6101 48.0853 52.2678 3.80668 4.45987 4.63157 2.90048 2.86825 5.71626 5.94197 6.65733 6.07648 2.88756 2.95901 3.64207 
0 0 0 0 0 0 0 405.295 0 0 0 0 0 0 0 24.7355 0 46.8709 37.5028 55.9448 41.0806 16.6749 3.95634 3.66428 4.03457 2.90711 2.84977 6.01829 5.80898 6.38442 6.60646 6.27225 6.19123 2.92362 2.91359 
0 0 329.383 0 0 0 4634.45 0 0 0 0 0 0 0 0 0 0 54.36 51.5722 48.6182 4.69271 4.33972 3.90339 4.6805 4.72921 2.93904 2.96275 6.33768 6.19959 6.29262 6.69493 6.62472 6.50738 2.9683 2.99236 
0 93.9927 92.9596 2411.29 0 0 0 851.284 511.576 136.969 0 0 0 0 0 0 0 37.7851 32.6346 4.48054 4.50097 4.57523 4.6491 4.51405 4.02703 3.59694 3.09872 3.03396 2.8913 2.84312 6.28623 6.55096 2.95986 2.92384 2.81344 
0 0 0 0 0 0 0 0 0 0 0 0 0 0 0 0 42.4584 18.8703 3.8936 4.42325 4.71844 4.71923 4.73502 4.63819 4.25471 3.6829 3.59677 3.75535 4.24203 2.81234 2.91337 3.0001 2.92224 2.78568 2.71135 
0 0 161.084 0 0 10863.9 0 0 263.779 0 0 0 0 0 0 0 42.4575 40.4307 42.4467 4.5226 4.73634 4.76228 4.3499 3.94631 44.2269 37.755 34.7655 49.1476 46.7873 4.51321 4.36938 4.06901 4.02963 4.63402 4.73553 
0 0 0 0 0 405.253 272.538 272.489 0 0 0 0 0 0 0 0 47.0366 47.0378 44.5712 41.5488 28.7054 36.9121 16.9408 34.778 63.8842 0 0 0 42.6156 49.1259 4.2829 4.0594 3.64279 14.9048 41.0453 
0 460301 0 0 0 0 111.141 6115.47 0 602.703 0 0 0 0 0 47.0087 44.5655 40.2978 30.61 29.575 38.898 0 0 0 35.9885 20.9854 29.1364 69.1953 0 0 41.0241 21.8942 23.0313 25.6735 30.5263 
0 0 0 0 0 0 483.005 92.8796 132.086 0 0 0 0 0 0 42.6266 46.9957 41.5544 0 0 0 0 0 110.561 63.7997 0 0 0 452.337 69.1925 0 0 0 0 0 
0 0 0 0 0 3166.37 561.725 219.64 133.845 124.702 0 0 0 0 42.6301 25.4433 30.5747 0 0 0 0 249.691 593.014 0 0 0 0 601.268 199.981 0 0 0 0 0 0 
184.497 503.462 0 466.806 114.733 108.19 370.638 1183.7 202.292 158.004 219.358 0 0 0 34.7811 17.6621 1042.79 0 0 0 0 592.825 0 0 0 0 0 0 0 0 0 0 0 0 0 
0 0 297.601 87.5198 66.5215 75.5164 418.534 0 0 0 0 178.427 110.421 0 42.6376 42.6215 0 0 0 0 0 179.519 490.075 0 0 0 0 0 0 0 0 0 0 0 0 
292 0 0 148.735 69.8499 75.4828 86.6675 0 0 0 0 230.642 42.1231 49.2805 47.4219 0 0 0 0 0 0 222.71 1071.02 0 0 0 0 0 0 0 0 0 0 0 0 
0 0 0 253.602 115.416 103.805 319.849 0 0 0 0 0 0 0 0 0 0 0 0 0 0 794.431 0 0 0 0 0 0 0 0 0 0 0 0 0 
0 398.308 0 0 993.042 182.222 0 0 0 0 0 0 0 0 0 0 0 0 0 0 0 451.001 0 0 0 0 0 0 0 0 0 0 0 0 0 
35.3917 0 0 0 7310.22 0 18882.8 0 0 0 0 0 0 0 0 0 0 0 0 0 0 0 0 0 0 0 0 0 0 0 0 0 67.7788 0 953.35 
12.8456 0 0 0 0 0 0 0 0 0 0 0 0 0 0 0 0 0 0 0 0 0 0 0 0 0 0 37.2482 24.9025 39.8094 0 0 0 153.95 169.757 
7.3497 34.9536 0 0 0 372.432 0 0 0 0 0 0 0 0 0 0 37.7583 0 0 0 0 0 0 0 0 0 37.2558 4.46396 4.28994 4.25648 43.1349 0 0 240.966 171.53 
6.05286 30.6278 241.677 0 0 0 0 0 0 0 0 0 1831.01 0 0 0 0 0 0 0 0 0 0 0 0 0 36.559 4.62134 2.87021 2.89671 4.19461 43.6058 0 0 9153.1 
0 0 0 0 0 0 0 0 0 0 0 0 0 0 0 0 0 0 0 0 0 0 0 16386.7 0 0 39.2696 4.71812 2.87223 2.90371 2.93933 4.31851 43.8368 0 61.9651 
0 0 0 0 0 0 0 0 0 0 0 0 0 0 0 0 0 0 0 0 0 0 0 0 0 0 0 46.9878 4.42504 2.96511 2.89914 4.48187 4.56009 44.5172 77.8955 
0 0 0 14281.4 0 0 0 0 0 0 0 0 0 0 0 0 0 0 0 0 0 0 0 0 897.109 0 0 0 0 4.56896 4.63839 4.56909 4.72288 4.62963 45.2833 
0 1702.78 0 1097.28 0 0 0 0 0 0 0 118.908 0 0 0 0 0 0 0 0 0 0 0 0 0 0 0 0 0 48.6342 4.37554 2.85004 2.77917 2.81984 2.93422 
1823.43 0 0 0 0 0 0 0 0 0 0 0 0 0 0 0 0 0 0 0 0 0 0 0 0 0 0 0 0 46.9988 4.69219 4.40583 2.88911 6.21564 5.98052 
 ==== evapotranspiration
224.978 193.384 0 0 0 0 0 446.346 241.145 1768.95 0 0 131.408 42.4096 0 0 0 12.7132 16.3574 48.5468 40.5129 31.2289 63.6089 24.0934 46.6834 3.32566 4.16662 3.7864 3.6681 2.6151 2.51319 4.51399 7.87285 0 0 
0 0 0 0 0 0 0 0 0 0 0 0 0 0 0 0 0 15.6499 43.639 46.1583 3.33844 4.01586 4.43304 4.67344 4.17629 3.10731 4.47098 3.44121 2.39216 2.7824 2.76252 3.58735 23.9994 0 0 
0 0 0 0 0 0 0 0 0 0 0 0 0 0 0 0 0 0 55.1655 15.6274 3.28005 3.53171 4.19687 4.4822 4.64104 4.03645 4.63996 3.3944 3.82421 3.96641 3.39221 4.53321 6.75311 38.283 0 
0 0 0 0 0 0 496.203 0 0 0 0 0 0 0 0 0 0 0 54.2732 7.33711 3.35152 3.40551 4.30594 2.74474 4.56071 4.0687 4.30973 4.39709 4.43375 3.31101 4.31655 4.06904 5.07071 7.16504 0 
0 0 0 0 107.363 35.06 39.998 0 0 0 0 0 0 0 0 0 0 0 0 16.3494 9.1313 3.39554 4.64892 4.66963 4.4338 4.30514 4.53252 3.59855 4.57616 48.5264 69.2194 6.32923 9.46066 8.08803 21.8084 
0 0 0 0 0 0 111.795 0 0 0 0 0 0 0 0 0 0 0 75.6382 5.86156 13.1509 22.7295 43.9098 4.49125 3.735 3.00288 3.47442 3.48084 4.07582 11.4273 12.1845 15.1486 39.2122 64.5706 27.2191 
0 0 0 0 0 0 0 0 0 0 2023.24 0 0 0 0 0 0 0 0 0 17.0832 0 0 11.0441 12.1697 28.1688 3.91956 4.16957 4.6945 3.16198 3.39082 4.32603 3.09304 3.16197 4.5016 
0 0 0 194.202 73.3841 120.368 0 0 0 0 0 0 0 0 0 0 0 0 0 0 0 0 0 0 0 16.7096 8.31296 3.86669 4.19268 4.61394 4.16628 3.97943 4.1132 4.02134 3.89849 
0 0 0 0 57.5862 107.973 0 0 0 0 0 0 0 123.625 0 591.463 0 0 0 166.566 41.7539 58.9923 64.4975 146.541 0 24.409 8.45908 3.69785 2.55897 3.1191 2.95168 2.88787 3.03027 4.31867 4.52758 
0 0 0 0 132.188 125.92 0 0 0 0 0 0 0 64.0998 0 0 0 0 167.04 0 25.3846 41.8097 0 0 65.0926 88.3913 4.42493 4.08157 3.0354 3.00813 2.98463 3.04583 3.05365 4.4737 4.6732 
0 0 0 0 398.623 0 0 73.9193 0 0 0 0 0 0 0 0 0 0 76.8992 0 18.7949 317.482 32.4598 36.3313 51.869 3.55193 3.49145 2.97065 5.91944 5.86031 6.39443 6.29986 2.95647 2.74432 4.45274 
0 0 0 0 0 0 0 165.518 0 0 0 0 0 0 701.451 0 0 0 41.9751 41.9918 18.3387 47.3839 51.5053 3.75115 4.39481 4.564 2.85817 2.8264 5.63287 5.85529 6.56022 5.98784 2.84543 2.91585 3.58894 
0 0 0 0 0 0 0 399.382 0 0 0 0 0 0 0 24.3747 0 46.1872 36.9557 55.1287 40.4813 16.4317 3.89862 3.61082 3.97572 2.86471 2.80819 5.93049 5.72424 6.29128 6.51009 6.18075 6.10091 2.88097 2.87109 
0 0 324.578 0 0 0 4566.84 0 0 0 0 0 0 0 0 0 0 53.567 50.8199 47.9089 4.62425 4.27641 3.84645 4.61222 4.66022 2.89616 2.91953 6.24523 6.10915 6.20082 6.59727 6.52808 6.41245 2.92499 2.94871 
0 92.6215 91.6036 2376.11 0 0 0 838.865 504.113 134.971 0 0 0 0 0 0 0 37.2339 32.1585 4.41518 4.43531 4.50849 4.58128 4.4482 3.96828 3.54447 3.05352 2.9897 2.84912 2.80164 6.19453 6.45539 2.91668 2.88118 2.77239 
0 0 0 0 0 0 0 0 0 0 0 0 0 0 0 0 41.839 18.5951 3.8368 4.35872 4.64961 4.65039 4.66594 4.57053 4.19265 3.62917 3.5443 3.70057 4.18014 2.77131 2.87087 2.95633 2.87961 2.74504 2.6718 
0 0 158.734 0 0 10705.4 0 0 259.931 0 0 0 0 0 0 0 41.8382 39.8409 41.8274 4.45663 4.66724 4.69281 4.28644 3.88874 43.5817 37.2043 34.2584 48.4306 46.1048 4.44737 4.30564 4.00965 3.97085 4.56642 4.66645 
0 0 0 0 0 399.342 268.563 268.514 0 0 0 0 0 0 0 0 46.3505 46.3516 43.921 40.9426 28.2866 36.3736 16.6937 34.2706 62.9523 0 0 0 41.9939 48.4093 4.22042 4.00018 3.58965 14.6874 40.4466 
0 453586 0 0 0 0 109.52 6026.26 0 593.911 0 0 0 0 0 46.3229 43.9154 39.7099 30.1635 29.1435 38.3305 0 0 0 35.4635 20.6792 28.7113 68.1859 0 0 40.4257 21.5748 22.6953 25.299 30.0809 
0 0 0 0 0 0 475.959 91.5247 130.16 0 0 0 0 0 0 42.0047 46.3102 40.9482 0 0 0 0 0 108.948 62.869 0 0 0 445.738 68.1832 0 0 0 0 0 
0 0 0 0 0 3120.18 553.53 216.436 131.892 122.882 0 0 0 0 42.0082 25.0722 30.1287 0 0 0 0 246.048 584.363 0 0 0 0 592.497 197.064 0 0 0 0 0 0 
181.805 496.118 0 459.996 113.059 106.611 365.231 1166.43 199.341 155.699 216.158 0 0 0 34.2738 17.4044 1027.58 0 0 0 0 584.177 0 0 0 0 0 0 0 0 0 0 0 0 0 
0 0 293.26 86.2431 65.5511 74.4148 412.428 0 0 0 0 175.824 108.81 0 42.0156 41.9997 0 0 0 0 0 176.9 482.926 0 0 0 0 0 0 0 0 0 0 0 0 
287.74 0 0 146.566 68.831 74.3817 85.4032 0 0 0 0 227.277 41.5086 48.5616 46.7301 0 0 0 0 0 0 219.461 1055.4 0 0 0 0 0 0 0 0 0 0 0 0 
0 0 0 249.903 113.733 102.291 315.183 0 0 0 0 0 0 0 0 0 0 0 0 0 0 782.842 0 0 0 0 0 0 0 0 0 0 0 0 0 
0 392.498 0 0 978.555 179.564 0 0 0 0 0 0 0 0 0 0 0 0 0 0 0 444.422 0 0 0 0 0 0 0 0 0 0 0 0 0 
34.8754 0 0 0 7203.58 0 18607.4 0 0 0 0 0 0 0 0 0 0 0 0 0 0 0 0 0 0 0 0 0 0 0 0 0 66.7901 0 939.443 
12.6582 0 0 0 0 0 0 0 0 0 0 0 0 0 0 0 0 0 0 0 0 0 0 0 0 0 0 36.7049 24.5392 39.2286 0 0 0 151.704 167.281 
7.24249 34.4437 0 0 0 366.999 0 0 0 0 0 0 0 0 0 0 37.2075 0 0 0 0 0 0 0 0 0 36.7123 4.39884 4.22736 4.19439 42.5056 0 0 237.451 169.027 
5.96456 30.181 238.151 0 0 0 0 0 0 0 0 0 1804.3 0 0 0 0 0 0 0 0 0 0 0 0 0 36.0257 4.55392 2.82834 2.85446 4.13342 42.9697 0 0 9019.57 
0 0 0 0 0 0 0 0 0 0 0 0 0 0 0 0 0 0 0 0 0 0 0 16147.7 0 0 38.6967 4.64929 2.83033 2.86135 2.89645 4.25551 43.1973 0 61.0612 
0 0 0 0 0 0 0 0 0 0 0 0 0 0 0 0 0 0 0 0 0 0 0 0 0 0 0 46.3024 4.36049 2.92186 2.85685 4.41649 4.49357 43.8677 76.7592 
0 0 0 14073 0 0 0 0 0 0 0 0 0 0 0 0 0 0 0 0 0 0 0 0 884.022 0 0 0 0 4.50231 4.57073 4.50244 4.65399 4.5621 44.6227 
0 1677.94 0 1081.27 0 0 0 0 0 0 0 117.173 0 0 0 0 0 0 0 0 0 0 0 0 0 0 0 0 0 47.9248 4.31171 2.80847 2.73863 2.7787 2.89141 
1796.83 0 0 0 0 0 0 0 0 0 0 0 0 0 0 0 0 0 0 0 0 0 0 0 0 0 0 0 0 46.3132 4.62374 4.34156 2.84696 6.12496 5.89328 
