albedo
0.180623 0.174736 0.168222 0.177379 0.17756 0.174105 0.159252 0.218116 0.213707 0.192157 0.170695 0.168654 0.220595 0.221346 0.164622 0.153057 0.14494 0.129838 0.135654 0.143215 0.139694 0.129174 0.139362 0.148993 0.135828 0.125978 0.13927 0.196412 0.211114 0.151881 0.162954 0.168974 0.154928 0.156138 0.157009 
0.181385 0.190696 0.175338 0.183666 0.186916 0.182219 0.145284 0.181837 0.192819 0.159216 0.159258 0.17201 0.180281 0.183427 0.175012 0.152777 0.135847 0.128055 0.130093 0.133799 0.132432 0.129375 0.140183 0.145296 0.130893 0.123803 0.151635 0.219182 0.189901 0.136833 0.143356 0.156065 0.145856 0.145037 0.148428 
0.186411 0.194729 0.179611 0.183595 0.186033 0.180908 0.17146 0.177113 0.185641 0.150372 0.149069 0.166762 0.156777 0.156905 0.17558 0.153103 0.145306 0.138836 0.131951 0.131378 0.132596 0.132732 0.127701 0.141242 0.137943 0.119102 0.146447 0.211681 0.181211 0.134761 0.133405 0.168783 0.22079 0.183793 0.147817 
0.186907 0.193584 0.19488 0.204278 0.187309 0.147702 0.154307 0.172216 0.187261 0.181354 0.182988 0.166081 0.159839 0.156005 0.162129 0.148587 0.160558 0.164423 0.139066 0.126909 0.129526 0.130944 0.131306 0.135629 0.140843 0.124262 0.140127 0.172216 0.163602 0.128572 0.147243 0.191632 0.262169 0.23672 0.157336 
0.18928 0.19001 0.19229 0.182012 0.143217 0.115903 0.138673 0.168086 0.167174 0.17135 0.167264 0.174252 0.166978 0.151431 0.158865 0.147397 0.146261 0.144507 0.14996 0.137107 0.12769 0.133752 0.142426 0.131033 0.132739 0.131718 0.140704 0.143577 0.148294 0.140663 0.168563 0.228056 0.217446 0.201706 0.159074 
0.180704 0.18901 0.187821 0.183324 0.180495 0.171618 0.184389 0.184133 0.167047 0.175103 0.1739 0.172482 0.16386 0.148697 0.161729 0.164999 0.150301 0.138313 0.14248 0.139244 0.13425 0.13211 0.129286 0.125555 0.135493 0.143212 0.140056 0.140323 0.152645 0.180264 0.178841 0.185944 0.159175 0.153166 0.159422 
0.183483 0.195235 0.199433 0.192988 0.208052 0.208844 0.209649 0.197846 0.170322 0.168374 0.169411 0.168683 0.16206 0.150214 0.147806 0.159794 0.146736 0.140565 0.146002 0.141576 0.135623 0.126468 0.120132 0.126545 0.130869 0.13485 0.132591 0.139273 0.183835 0.258078 0.23008 0.156714 0.131941 0.137747 0.136914 
0.187843 0.202179 0.187628 0.182399 0.193738 0.197073 0.199418 0.191945 0.171651 0.152256 0.155045 0.164256 0.164865 0.160223 0.155445 0.15585 0.141602 0.15666 0.179748 0.181279 0.164479 0.149892 0.135864 0.140848 0.134138 0.172034 0.207883 0.191777 0.19806 0.184308 0.139672 0.124195 0.126736 0.128587 0.12394 
0.18 0.185913 0.165561 0.173441 0.188943 0.187967 0.195292 0.16687 0.158423 0.141099 0.151131 0.162403 0.172536 0.191118 0.192164 0.175368 0.143221 0.147487 0.169182 0.182343 0.189309 0.193307 0.19005 0.162783 0.137627 0.184663 0.238931 0.204631 0.155486 0.127137 0.124396 0.124589 0.127994 0.139191 0.141913 
0.178568 0.177818 0.167819 0.156289 0.189501 0.195208 0.201071 0.194714 0.190225 0.16598 0.145542 0.155372 0.17111 0.211176 0.184155 0.155814 0.141602 0.15577 0.174281 0.15564 0.174549 0.179425 0.171419 0.151165 0.143561 0.156404 0.162879 0.140348 0.123187 0.125692 0.124472 0.121751 0.130148 0.142223 0.144522 
0.167171 0.172477 0.180842 0.174595 0.200044 0.196305 0.207942 0.215819 0.185829 0.19808 0.1722 0.149264 0.169501 0.180328 0.160717 0.133306 0.13845 0.15302 0.164451 0.152712 0.181811 0.163339 0.144934 0.147064 0.140689 0.12908 0.11964 0.126951 0.126216 0.123633 0.124293 0.125815 0.124585 0.129072 0.12884 
0.16151 0.159471 0.175107 0.171763 0.179846 0.187085 0.216718 0.230815 0.201353 0.183089 0.173058 0.147464 0.1652 0.188229 0.180122 0.131347 0.133331 0.141711 0.147033 0.145174 0.164769 0.135665 0.14242 0.201308 0.161784 0.122125 0.126093 0.127693 0.128087 0.124577 0.124726 0.126742 0.12047 0.12167 0.125236 
0.173171 0.177124 0.181432 0.186646 0.172689 0.176589 0.205658 0.221206 0.20878 0.193164 0.178617 0.152974 0.153626 0.163251 0.18277 0.187958 0.145167 0.131187 0.141873 0.133161 0.142049 0.155787 0.175373 0.194588 0.182327 0.121589 0.125818 0.1227 0.121658 0.127846 0.131731 0.1189 0.119202 0.126285 0.128523 
0.184419 0.18944 0.188054 0.195028 0.196736 0.185839 0.194476 0.202523 0.204408 0.19699 0.172437 0.152354 0.152494 0.148502 0.143048 0.145328 0.127596 0.130981 0.134801 0.129122 0.135815 0.143918 0.152508 0.155468 0.146036 0.128043 0.128461 0.121465 0.117246 0.129857 0.13075 0.116754 0.120917 0.124455 0.134847 
0.184061 0.185236 0.210351 0.20739 0.197944 0.180573 0.187659 0.194659 0.196408 0.202423 0.178932 0.150967 0.146959 0.140242 0.128797 0.130205 0.132536 0.129787 0.12352 0.119258 0.123698 0.12904 0.131584 0.129458 0.126211 0.130393 0.132843 0.131844 0.130243 0.131062 0.130218 0.126711 0.123567 0.126052 0.135712 
0.177004 0.194776 0.199162 0.186989 0.186713 0.181331 0.190704 0.19075 0.195432 0.179994 0.167673 0.154639 0.145869 0.134616 0.129019 0.127599 0.125942 0.123343 0.123022 0.125071 0.130198 0.132334 0.129438 0.12688 0.127263 0.128646 0.130538 0.129526 0.129324 0.126993 0.128139 0.132755 0.134421 0.137952 0.140584 
0.183511 0.196472 0.192236 0.177768 0.213299 0.20853 0.202916 0.219271 0.206925 0.177834 0.15085 0.140939 0.142159 0.128435 0.122419 0.124441 0.125867 0.12585 0.125071 0.128635 0.126833 0.124115 0.120783 0.125483 0.130677 0.127263 0.128645 0.125719 0.132628 0.12981 0.1309 0.130522 0.134713 0.142992 0.141308 
0.20065 0.204222 0.191706 0.179575 0.174464 0.224155 0.219462 0.221832 0.192058 0.179738 0.155428 0.137296 0.132159 0.127985 0.121566 0.129927 0.126886 0.126631 0.126031 0.1278 0.120956 0.112665 0.123179 0.128519 0.14148 0.146452 0.143787 0.131971 0.129493 0.128412 0.132769 0.132429 0.133988 0.138988 0.14209 
0.220537 0.219718 0.208542 0.201371 0.194315 0.21309 0.232895 0.210401 0.199519 0.185983 0.159778 0.130386 0.124843 0.126431 0.127948 0.130531 0.129092 0.12903 0.12841 0.125394 0.118853 0.120599 0.133248 0.150415 0.170875 0.181132 0.173249 0.153367 0.137103 0.133019 0.131842 0.129418 0.132846 0.134504 0.135915 
0.205207 0.196759 0.18592 0.177538 0.191 0.216712 0.238557 0.236361 0.204527 0.173358 0.151623 0.126432 0.122693 0.126664 0.129302 0.134425 0.131739 0.12917 0.126315 0.1247 0.119812 0.13704 0.158713 0.181298 0.180028 0.165247 0.154304 0.147468 0.15123 0.152542 0.146594 0.142264 0.136871 0.131881 0.133471 
0.165919 0.163734 0.173354 0.175881 0.198122 0.228802 0.232974 0.23244 0.229537 0.2095 0.145698 0.129514 0.124101 0.12763 0.13524 0.137666 0.13505 0.130733 0.125008 0.127028 0.143722 0.156417 0.159143 0.161238 0.163164 0.151702 0.150304 0.148195 0.146358 0.145315 0.15074 0.15266 0.153764 0.145024 0.142147 
0.120988 0.146568 0.18357 0.199682 0.219683 0.236251 0.223546 0.218043 0.21828 0.204071 0.184122 0.142336 0.129961 0.130944 0.145962 0.149235 0.142156 0.133876 0.123734 0.131558 0.153725 0.164508 0.155801 0.151243 0.152452 0.144636 0.141948 0.145201 0.142114 0.136233 0.136984 0.137455 0.140054 0.148185 0.15999 
0.162052 0.166226 0.191988 0.217055 0.230482 0.230048 0.219908 0.202277 0.195308 0.182408 0.174335 0.176519 0.163875 0.142723 0.14394 0.135413 0.133246 0.135847 0.124578 0.139908 0.162829 0.168365 0.164254 0.155806 0.146343 0.138223 0.14051 0.138832 0.133258 0.132038 0.132435 0.133438 0.137449 0.135585 0.133951 
0.20281 0.181852 0.188224 0.208532 0.227367 0.23359 0.230924 0.206717 0.191785 0.174025 0.153904 0.168151 0.157097 0.147062 0.134741 0.129136 0.126806 0.135972 0.136094 0.148932 0.163176 0.166439 0.16235 0.153607 0.143639 0.13521 0.134283 0.133691 0.13119 0.128903 0.126574 0.129211 0.134457 0.134662 0.134964 
0.204749 0.193302 0.174041 0.198899 0.230214 0.229049 0.21136 0.190347 0.194643 0.187785 0.161208 0.156739 0.146783 0.135416 0.132341 0.132264 0.123944 0.127621 0.142754 0.150441 0.166759 0.170584 0.153676 0.147338 0.139026 0.128791 0.135651 0.136562 0.133528 0.126286 0.127739 0.132003 0.135814 0.1347 0.131653 
0.185549 0.186586 0.162682 0.196331 0.218679 0.227388 0.218112 0.187049 0.181944 0.180582 0.17044 0.152582 0.14423 0.135761 0.130629 0.13643 0.127801 0.124668 0.131977 0.134497 0.155144 0.15739 0.141477 0.141416 0.133705 0.125615 0.129108 0.136214 0.128372 0.123779 0.126964 0.140425 0.154962 0.156203 0.161044 
0.130263 0.160345 0.167111 0.198336 0.211341 0.218752 0.223555 0.207206 0.189062 0.178183 0.164159 0.147442 0.142589 0.137929 0.132107 0.135068 0.13345 0.127075 0.123507 0.14057 0.146595 0.141175 0.134356 0.133946 0.130383 0.127014 0.124139 0.12053 0.117914 0.121897 0.124165 0.147105 0.166376 0.187174 0.215304 
0.113303 0.155642 0.157921 0.189523 0.215277 0.218519 0.215027 0.217807 0.215233 0.198044 0.178236 0.164505 0.159926 0.152424 0.14035 0.131772 0.132484 0.134991 0.125812 0.134172 0.140277 0.141486 0.140812 0.138082 0.133311 0.13233 0.12203 0.115104 0.112781 0.115737 0.12146 0.133619 0.158496 0.198042 0.211394 
0.0888817 0.138148 0.156668 0.177332 0.203086 0.214058 0.200133 0.197909 0.202743 0.205717 0.2175 0.206498 0.182644 0.171925 0.150248 0.130847 0.130872 0.132853 0.131666 0.136273 0.14075 0.138521 0.161494 0.162643 0.152615 0.13454 0.117165 0.114409 0.115807 0.112139 0.11846 0.129296 0.153731 0.184312 0.173004 
0.109505 0.143517 0.179881 0.187868 0.181476 0.178306 0.161956 0.157773 0.156408 0.175384 0.221141 0.217004 0.177777 0.16499 0.153777 0.134576 0.12972 0.132543 0.134233 0.13529 0.153989 0.170645 0.178323 0.191839 0.160876 0.12987 0.119654 0.117676 0.117242 0.115783 0.117434 0.124145 0.135506 0.157973 0.149664 
0.162253 0.169531 0.203002 0.213701 0.179153 0.148317 0.147922 0.145567 0.141953 0.152714 0.185829 0.196481 0.159847 0.145863 0.147246 0.135521 0.128668 0.130121 0.139799 0.149737 0.18146 0.195096 0.20093 0.215446 0.181418 0.134649 0.11898 0.121782 0.120331 0.11813 0.120118 0.120373 0.123875 0.150327 0.162044 
0.179725 0.184468 0.218588 0.237849 0.209407 0.162059 0.154398 0.153754 0.150784 0.153036 0.152875 0.151255 0.139836 0.132055 0.139528 0.139396 0.126283 0.132643 0.147864 0.152469 0.166066 0.186265 0.198019 0.218195 0.205601 0.143477 0.124062 0.128355 0.125026 0.116597 0.118473 0.11929 0.11793 0.126057 0.166136 
0.187094 0.197886 0.233748 0.245756 0.241111 0.178896 0.148494 0.146325 0.152858 0.161698 0.160848 0.158937 0.142584 0.13778 0.138523 0.141559 0.125803 0.126895 0.136178 0.146049 0.152037 0.163569 0.171254 0.187587 0.209344 0.163537 0.12952 0.128371 0.131848 0.116064 0.114279 0.116256 0.120471 0.116118 0.140347 
0.200218 0.214721 0.234926 0.234956 0.236188 0.214353 0.155015 0.142885 0.167256 0.173689 0.16923 0.170246 0.147238 0.140548 0.140943 0.140924 0.138338 0.124823 0.132182 0.141416 0.145854 0.147191 0.157434 0.165331 0.190154 0.189569 0.154135 0.160189 0.132936 0.123967 0.115554 0.117931 0.124468 0.116789 0.113544 
0.22702 0.230743 0.237821 0.23151 0.228944 0.22731 0.19287 0.178219 0.1856 0.168642 0.153868 0.153273 0.143477 0.139716 0.133156 0.13864 0.142431 0.129604 0.135743 0.140297 0.146674 0.150205 0.156092 0.173483 0.197268 0.174557 0.166594 0.164323 0.131459 0.125607 0.124517 0.119186 0.120876 0.113295 0.111176 
