lai
0.212016 0.199828 0.332784 0.598157 0.661181 0.675356 0.78699 0.37622 0.358957 0.391074 0.546487 0.68319 0.420949 0.404042 0.602192 0.691814 0.898304 1.37591 1.32947 1.0959 1.15546 1.13429 0.979325 0.701353 0.868106 1.42624 1.0959 0.458394 0.435101 0.928607 0.815207 1.02982 1.62534 1.26071 1.1143 
0.340136 0.3721 0.514249 0.63467 0.602574 0.594467 0.84466 0.494051 0.456216 0.615602 0.698962 0.646156 0.565487 0.740077 0.598157 0.776494 1.03713 1.30656 1.06881 1.03861 1.41118 1.13429 1.00746 0.822548 1.07134 1.66781 1.00644 0.364343 0.514035 1.03713 1.06418 1.29895 1.25459 0.898304 0.776494 
0.378923 0.365541 0.483403 0.675356 0.78792 0.7244 0.712268 0.598157 0.43692 0.92528 0.776494 0.74532 0.830992 0.903038 0.675356 0.877566 1.20922 1.03574 0.97905 1.30656 1.44688 1.30656 1.07134 0.979325 0.738373 1.11043 0.900735 0.330978 0.44521 1.16063 1.37591 0.712268 0.321002 0.514137 0.79665 
0.398276 0.410027 0.421308 0.504821 0.582903 0.422288 0.338172 0.589397 0.43692 0.484582 0.456216 0.558275 0.715542 0.691814 0.74532 1.08987 1.08447 0.712268 1.03713 1.52022 1.41118 1.37591 1.03861 0.949074 0.676397 1.10644 1.03713 0.653838 0.660638 1.42624 1.06206 0.552554 0.207574 0.347997 0.781875 
0.43692 0.417608 0.447875 0.359543 0.208468 0.071833 0.112023 0.472279 0.58023 0.409217 0.50358 0.589397 0.58023 0.684302 0.698962 0.979831 1.00644 1.27735 1.146 1.32947 1.46334 1.37591 0.871434 0.83626 0.978759 1.03861 0.979585 1.28647 0.953351 1.0959 0.862097 0.296025 0.445092 0.388985 0.675838 
0.494051 0.464903 0.417608 0.334071 0.359543 0.393431 0.253247 0.3721 0.58023 0.442314 0.442314 0.472279 0.514371 0.635747 0.593109 0.63811 0.979585 1.43154 1.61038 1.82432 1.65707 1.23057 0.890132 0.947838 1.23057 1.67177 1.35115 1.32947 1.146 0.504253 0.524452 0.582903 1.26071 1.146 0.722121 
0.586009 0.543578 0.335211 0.359233 0.353214 0.410689 0.393464 0.388985 0.493268 0.430257 0.359894 0.430257 0.525675 0.635747 0.684302 0.593109 0.72635 0.951335 1.18556 1.50163 1.73911 1.27243 1.07404 1.38962 1.35343 1.16612 1.16612 1.0959 0.826927 0.319717 0.363834 1.06006 1.6171 1.51968 0.979325 
0.57438 0.532444 0.410027 0.249047 0.16467 0.237351 0.486667 0.571814 0.462866 0.644457 0.583584 0.514371 0.514371 0.583584 0.691814 0.732995 0.84466 0.763125 0.661181 0.703299 0.980284 1.15059 1.19821 1.06643 1.0086 0.610863 0.400041 0.476918 0.598928 0.766707 1.0959 1.13908 1.10271 1.13429 1.17199 
0.577175 0.606538 0.482117 0.340136 0.131644 0.205416 0.413949 1.16922 0.905224 0.84466 0.708628 0.652743 0.493268 0.365541 0.49477 0.462866 0.745058 0.822548 0.610863 0.504253 0.40274 0.439858 0.447875 0.615602 0.97905 0.688802 0.405131 0.435101 0.855655 1.31766 1.13908 1.07134 1.23864 1.03713 0.951335 
0.535224 0.577175 0.728389 0.606621 0.223282 0.219843 0.329686 0.629634 0.571814 0.58023 0.79665 0.781875 0.624166 0.370177 0.554298 0.801653 0.951335 0.806401 0.503931 0.644457 0.453851 0.524452 0.734368 0.979831 1.03574 1.14167 1.05637 1.12558 1.2126 1.20517 1.17199 1.2126 1.27243 0.979325 0.848522 
0.768563 0.796495 0.703299 0.473957 0.268022 0.312034 0.336229 0.167591 0.3721 0.432149 0.712268 0.900735 0.668167 0.565487 0.675838 1.00801 1.22301 0.82688 0.58023 0.66001 0.398276 0.63811 1.2159 1.18556 1.06643 1.30656 1.32958 1.17199 0.919536 0.890132 1.10644 1.07134 1.13908 0.893015 0.978759 
0.722121 0.855655 0.796495 0.690203 0.484582 0.428959 0.364343 0.223844 0.324359 0.565487 0.632342 0.952371 0.815207 0.533295 0.534219 1.07134 1.19821 1.18556 0.822548 0.822548 0.632342 0.893015 0.895735 0.450333 0.63811 0.917383 1.04019 1.00923 0.808032 0.890132 1.17199 0.949074 0.978449 1.07404 1.28228 
0.589397 0.524452 0.425503 0.475498 0.565487 0.425503 0.34167 0.268475 0.336229 0.439858 0.494051 0.691814 0.781875 0.768563 0.606538 0.447875 0.684302 1.03861 0.79665 0.97905 1.15546 0.606621 0.462866 0.384152 0.504253 1.00989 0.978759 0.917383 0.83168 1.07134 1.16612 1.00989 0.978449 1.07134 1.07134 
0.425503 0.304289 0.245003 0.335211 0.476918 0.391074 0.299228 0.34731 0.400041 0.413949 0.483403 0.620816 0.597193 0.684302 1.0959 0.979325 0.919536 0.950238 0.921563 0.949074 0.895735 1.06418 1.20922 0.928607 0.822548 1.10271 1.13429 1.04186 0.978119 1.03861 1.19821 1.1442 1.10644 1.10644 1.19821 
0.473957 0.151542 0.153863 0.297514 0.523424 0.514137 0.346905 0.299228 0.289652 0.247101 0.353099 0.597193 0.676397 0.651475 0.921563 1.16612 1.03861 1.07134 1.07404 0.978119 0.978449 0.949074 0.921563 0.978759 1.13908 1.30656 1.29618 1.23057 1.06881 1.0086 1.03861 1.13429 1.10271 1.07134 1.00801 
0.61915 0.504548 0.312034 0.654793 0.674935 0.514137 0.428959 0.322633 0.329686 0.473957 0.451276 0.525675 0.651475 0.864584 1.13429 1.00923 1.00923 1.2126 1.17825 1.00923 0.864584 0.731308 0.731308 0.919536 1.07134 1.27243 1.30656 1.23864 1.07134 0.919536 1.07134 1.19821 1.1298 0.97905 0.868106 
0.647633 0.561171 0.219843 0.957552 0.420949 0.302183 0.34731 0.364343 0.285118 0.359543 0.514504 0.626581 0.76484 0.779891 0.86085 0.779891 1.00923 1.04019 1.00923 0.978759 0.723831 0.802611 1.0106 1.17199 1.06881 1.07134 1.10271 0.978759 1.03861 0.978759 1.03861 1.13429 1.16063 0.952371 0.817976 
0.495433 0.442574 0.359233 0.554298 0.888086 0.268475 0.268475 0.268475 0.340947 0.386027 0.480708 0.591382 0.779891 0.751827 0.978449 1.0086 0.919536 0.919536 0.890132 0.86085 0.744733 0.912646 1.24727 1.10271 0.92528 0.684302 0.770823 0.893015 0.840579 0.978759 1.06881 1.13429 1.29618 1.36312 1.15546 
0.397627 0.316261 0.410689 0.478231 0.561171 0.404042 0.208777 0.314259 0.34731 0.328241 0.396109 0.677052 0.723831 0.890132 1.07134 0.919536 0.890132 0.83626 0.758518 0.751827 0.883809 1.1442 1.16612 0.82688 0.503931 0.417608 0.473957 0.570627 0.84466 1.10271 1.0992 1.20517 1.23057 1.19821 1.19169 
0.424728 0.513941 0.750757 0.823201 0.552554 0.375079 0.287766 0.191215 0.268022 0.393431 0.514504 0.802611 0.802611 0.919536 0.921563 0.840579 0.919536 0.86085 0.779891 0.773633 0.946522 0.895735 0.63811 0.484582 0.44521 0.546487 0.668121 0.54998 0.525675 0.570627 0.708628 0.822548 0.871434 1.16612 1.0992 
0.421745 0.546487 0.675356 0.606538 0.406865 0.311673 0.29183 0.257364 0.245469 0.263937 0.573583 0.86085 0.978449 0.978759 0.840579 0.711962 0.758518 0.808032 0.83168 0.86085 0.719349 0.514371 0.460643 0.536324 0.615602 0.644457 0.597193 0.526378 0.502773 0.626581 0.66001 0.620816 0.583584 0.751395 0.951335 
0.283953 0.338172 0.3721 0.324359 0.233165 0.206086 0.280352 0.304837 0.272427 0.30702 0.353099 0.719349 0.864584 0.893015 0.776494 0.620816 0.651475 0.685599 0.773633 0.83626 0.620816 0.460643 0.503196 0.620816 0.684302 0.611506 0.514652 0.538861 0.626581 0.616922 0.591382 0.616922 0.642481 0.611506 0.570627 
0.460643 0.472279 0.335211 0.233165 0.176312 0.191215 0.28443 0.424728 0.439858 0.425503 0.462866 0.433731 0.482117 0.719349 0.822548 0.840579 0.785794 0.711962 0.83168 0.770823 0.558275 0.380538 0.409217 0.583584 0.66001 0.668068 0.651475 0.668068 0.606728 0.540336 0.540336 0.63299 0.685599 0.659278 0.63299 
0.364909 0.484582 0.447875 0.276513 0.208777 0.191215 0.206086 0.336229 0.439858 0.503931 0.652743 0.442314 0.396109 0.53753 0.868106 0.919536 0.83168 0.76484 0.868106 0.708628 0.536324 0.388153 0.417643 0.560555 0.651475 0.711962 0.685599 0.659278 0.649989 0.595953 0.55425 0.677052 0.704155 0.704155 0.685599 
0.486667 0.428959 0.472279 0.329686 0.257364 0.223844 0.293004 0.359233 0.35316 0.456216 0.715542 0.668121 0.676397 0.840579 0.893015 0.893015 0.744733 0.890132 0.898304 0.668121 0.525035 0.380538 0.480708 0.611506 0.642481 0.758518 0.813145 0.711962 0.63299 0.595953 0.677052 0.659278 0.659278 0.677052 0.808032 
0.43692 0.3721 0.492412 0.371084 0.337144 0.287766 0.375079 0.466776 0.484582 0.514137 0.546487 0.852182 1.0928 1.03713 0.978759 0.840579 0.949074 0.890132 0.813145 0.758518 0.560555 0.404433 0.651475 0.791372 0.758518 0.86085 0.808032 0.668068 0.649989 0.695893 0.86085 0.738373 0.491472 0.597193 0.629673 
0.271201 0.514371 0.558275 0.388985 0.347672 0.375079 0.347997 0.353214 0.485666 0.61915 0.63811 0.822548 0.871434 0.895735 0.978759 0.950238 1.06881 1.23864 1.07404 0.693688 0.651475 0.616922 0.921563 1.16612 0.949074 0.779891 0.723831 0.715904 0.796855 0.856884 0.83168 0.597193 0.312502 0.410027 0.387119 
0.12714 0.503196 0.615602 0.466776 0.397627 0.375079 0.420949 0.375079 0.437842 0.532444 0.661181 0.660638 0.715542 0.708628 0.817976 1.0086 1.0086 1.00801 0.919536 0.921563 0.719349 0.76484 0.791372 0.84466 0.808032 0.779891 0.802611 0.852663 1.08 0.915091 0.802611 0.893015 0.503196 0.377494 0.382485 
0 0.360755 0.570627 0.586009 0.435101 0.342318 0.406865 0.468505 0.460408 0.577411 0.57497 0.478231 0.514137 0.493268 0.597193 0.893015 1.07134 1.03861 0.921563 0.97905 0.951335 0.840579 0.54815 0.593109 0.597193 0.685599 0.852663 0.977766 1.04365 1.04556 0.917383 0.864584 0.606621 0.44521 0.430257 
0 0.345345 0.44521 0.523917 0.49477 0.504253 0.58023 0.652743 0.652743 0.640157 0.565238 0.437842 0.425503 0.50358 0.560555 0.840579 1.03861 1.0992 0.97905 0.868106 0.708628 0.546487 0.503931 0.475498 0.514371 0.677052 0.826817 0.915091 0.915091 0.946522 1.07692 0.978449 0.893015 0.583584 0.468429 
0.63811 0.751045 0.478231 0.445092 0.514137 0.801653 0.848522 0.701353 0.745058 0.668121 0.602574 0.532444 0.50358 0.72635 0.72635 0.840579 1.10271 1.0086 0.791372 0.583584 0.484582 0.428959 0.432149 0.370177 0.484582 0.895735 0.856884 0.856884 0.946522 0.978119 1.04186 1.04186 0.947838 0.701353 0.439153 
0.703299 1.00395 0.522159 0.405131 0.505074 0.791858 1.06006 0.830992 0.801653 0.691814 0.732995 0.757409 0.871434 0.893015 0.817976 0.817976 1.10644 0.668068 0.573583 0.620816 0.602192 0.504253 0.485666 0.364343 0.400041 0.848522 1.04019 0.919536 1.00923 1.04365 0.978119 0.978119 0.946522 0.890132 0.58023 
0.78792 0.636719 0.442774 0.328561 0.368627 0.805142 0.848522 0.848522 0.757409 0.602192 0.698962 0.763125 0.745058 0.668068 0.719349 0.745058 0.86085 1.00923 0.711962 0.72635 0.801653 0.660638 0.602192 0.410027 0.336229 0.68319 1.19821 0.949074 1.0086 0.946522 0.915091 0.946522 0.856884 0.915091 0.84466 
0.52297 0.364343 0.337969 0.30293 0.389598 0.479448 0.806401 0.871434 0.602192 0.453851 0.462866 0.413592 0.54998 0.642481 0.601709 0.693688 0.719349 0.978449 0.864584 0.745058 0.822548 0.822548 0.644457 0.460643 0.475498 0.447875 0.73931 0.593109 0.83626 0.949074 1.0106 0.883809 0.802611 0.796855 0.977766 
0.363834 0.395454 0.41124 0.347997 0.33214 0.401507 0.468505 0.494051 0.417608 0.442314 0.54815 0.53753 0.526378 0.538861 0.552002 0.642481 0.651475 0.978759 0.97905 0.817976 0.848522 0.848522 0.668121 0.493268 0.447875 0.493268 0.558275 0.54815 0.704155 0.919536 0.890132 1.00989 0.978119 0.977766 0.880333 
