ndvi
0.22545 0.221125 0.283401 0.382559 0.401859 0.407415 0.444707 0.294009 0.287153 0.304007 0.367092 0.412705 0.310455 0.304057 0.386627 0.418568 0.480426 0.582112 0.572207 0.52708 0.538056 0.539952 0.500959 0.425102 0.475684 0.592453 0.52708 0.32843 0.317276 0.482993 0.450207 0.500811 0.607617 0.55095 0.523295 
0.284484 0.296521 0.354801 0.39135 0.380262 0.378875 0.467561 0.345327 0.329592 0.392354 0.418888 0.400201 0.370766 0.425709 0.382559 0.445788 0.51557 0.571892 0.524626 0.518637 0.587042 0.539952 0.506902 0.459793 0.528091 0.628768 0.502008 0.28789 0.350078 0.51557 0.518373 0.559373 0.557647 0.480426 0.445788 
0.30018 0.293001 0.34273 0.407415 0.437053 0.419989 0.419472 0.382559 0.322473 0.486628 0.445788 0.431834 0.457813 0.477143 0.407415 0.471159 0.544843 0.512705 0.503486 0.571892 0.591856 0.571892 0.528091 0.500959 0.439821 0.542191 0.478731 0.2744 0.32659 0.541731 0.582112 0.419472 0.269018 0.352324 0.453171 
0.307772 0.311335 0.314693 0.343957 0.374026 0.326862 0.290255 0.381129 0.322473 0.340861 0.329592 0.372425 0.425331 0.418568 0.431834 0.520938 0.515518 0.419472 0.51557 0.608145 0.587042 0.582112 0.518637 0.499729 0.417859 0.537994 0.51557 0.401055 0.406075 0.592453 0.515542 0.363054 0.214327 0.279444 0.44523 
0.322473 0.315202 0.325538 0.292419 0.232856 0.163845 0.181421 0.339965 0.379607 0.316385 0.352403 0.381129 0.379607 0.418226 0.418888 0.496386 0.502008 0.558546 0.531378 0.572207 0.597364 0.582112 0.474072 0.470462 0.506195 0.518637 0.498598 0.56271 0.490635 0.52708 0.461809 0.257394 0.320163 0.300567 0.412192 
0.345327 0.333802 0.315202 0.281055 0.292419 0.307949 0.245217 0.296521 0.379607 0.327753 0.327753 0.339965 0.357549 0.403713 0.385254 0.399293 0.498598 0.586696 0.60878 0.636763 0.620248 0.556665 0.486277 0.502436 0.556665 0.618539 0.572495 0.572207 0.531378 0.347772 0.357053 0.374026 0.55095 0.531378 0.425434 
0.377405 0.361169 0.279018 0.289612 0.28413 0.307333 0.300734 0.300567 0.347467 0.32443 0.295656 0.32443 0.36292 0.403713 0.418226 0.385254 0.432167 0.494872 0.543354 0.595822 0.628689 0.566592 0.531816 0.58742 0.582261 0.545661 0.545661 0.52708 0.448414 0.264761 0.285766 0.512884 0.615881 0.601156 0.500959 
0.372443 0.354316 0.311335 0.242553 0.200156 0.235161 0.337623 0.369349 0.335326 0.404553 0.383787 0.357549 0.357549 0.383787 0.418568 0.432048 0.467561 0.438395 0.401859 0.414069 0.492356 0.534612 0.551231 0.521394 0.512495 0.387917 0.304042 0.335095 0.376938 0.431477 0.52708 0.544012 0.534097 0.539952 0.549875 
0.375846 0.383906 0.3448 0.284484 0.184157 0.220986 0.311014 0.533271 0.475653 0.467561 0.42522 0.405339 0.347467 0.293001 0.34339 0.335326 0.439427 0.459793 0.387917 0.347772 0.307612 0.321631 0.325538 0.392354 0.503486 0.408605 0.30116 0.317276 0.463893 0.576972 0.544012 0.528091 0.561159 0.51557 0.494872 
0.361972 0.375846 0.425532 0.391142 0.229347 0.227108 0.275971 0.387511 0.369349 0.379607 0.453171 0.44523 0.39349 0.290898 0.365877 0.452356 0.494872 0.451594 0.34997 0.404553 0.330871 0.357053 0.425623 0.496386 0.512705 0.528336 0.508028 0.532632 0.560268 0.555589 0.549875 0.560268 0.566592 0.500959 0.466257 
0.438093 0.443754 0.414069 0.338178 0.248255 0.268596 0.277231 0.198629 0.296521 0.317865 0.419472 0.478731 0.406765 0.370766 0.412192 0.509602 0.552466 0.45877 0.379607 0.411059 0.307772 0.399293 0.548533 0.543354 0.521394 0.571892 0.582425 0.549875 0.493093 0.486277 0.537994 0.528091 0.544012 0.484185 0.506195 
0.425434 0.463893 0.443754 0.413187 0.340861 0.31851 0.28789 0.224171 0.273034 0.370766 0.394557 0.492684 0.450207 0.356631 0.359172 0.528091 0.551231 0.543354 0.459793 0.459793 0.394557 0.484185 0.48224 0.32458 0.399293 0.49558 0.521929 0.515603 0.463323 0.486277 0.549875 0.499729 0.509108 0.531816 0.571547 
0.381129 0.357053 0.319221 0.336563 0.370766 0.319221 0.280163 0.246076 0.277231 0.321631 0.345327 0.418568 0.44523 0.438093 0.383906 0.325538 0.418226 0.518637 0.453171 0.503486 0.538056 0.391142 0.335326 0.300383 0.347772 0.518949 0.506195 0.49558 0.472081 0.528091 0.545661 0.518949 0.509108 0.528091 0.528091 
0.319221 0.266837 0.239993 0.279018 0.335095 0.304007 0.263899 0.283199 0.304042 0.311014 0.34273 0.39729 0.389847 0.418226 0.52708 0.500959 0.493093 0.497215 0.490783 0.499729 0.48224 0.518373 0.544843 0.482993 0.459793 0.534097 0.539952 0.52547 0.512247 0.518637 0.551231 0.54838 0.537994 0.537994 0.551231 
0.338178 0.194779 0.192363 0.260389 0.352256 0.352324 0.285461 0.263899 0.258344 0.238327 0.288872 0.389847 0.417859 0.410431 0.490783 0.545661 0.518637 0.528091 0.531816 0.512247 0.509108 0.499729 0.490783 0.506195 0.544012 0.571892 0.567149 0.556665 0.524626 0.512495 0.518637 0.539952 0.534097 0.528091 0.509602 
0.389129 0.345777 0.268596 0.397402 0.403334 0.352324 0.31851 0.274589 0.275971 0.338178 0.332288 0.36292 0.410431 0.477414 0.539952 0.515603 0.515603 0.560268 0.554403 0.515603 0.477414 0.440246 0.440246 0.493093 0.528091 0.566592 0.571892 0.561159 0.528091 0.493093 0.528091 0.551231 0.536168 0.503486 0.475684 
0.396508 0.364837 0.227108 0.482088 0.310455 0.263028 0.283199 0.28789 0.255715 0.292419 0.360614 0.402812 0.447024 0.455989 0.479276 0.455989 0.515603 0.521929 0.515603 0.506195 0.440703 0.464685 0.522564 0.549875 0.524626 0.528091 0.534097 0.506195 0.518637 0.506195 0.518637 0.539952 0.541731 0.492684 0.460887 
0.341628 0.320865 0.289612 0.365877 0.466326 0.246076 0.246076 0.246076 0.282179 0.303986 0.347106 0.393713 0.455989 0.448452 0.509108 0.512495 0.493093 0.493093 0.486277 0.479276 0.449253 0.501179 0.565981 0.534097 0.486628 0.418226 0.446384 0.484185 0.46896 0.506195 0.524626 0.539952 0.567149 0.577148 0.538056 
0.300888 0.266458 0.307333 0.333755 0.364837 0.304057 0.217254 0.267462 0.283199 0.277759 0.312514 0.424692 0.440703 0.486277 0.528091 0.493093 0.486277 0.470462 0.447711 0.448452 0.490972 0.54838 0.545661 0.45877 0.34997 0.315202 0.338178 0.377985 0.467561 0.534097 0.530468 0.555589 0.556665 0.551231 0.547162 
0.314231 0.348034 0.425868 0.448978 0.363054 0.29146 0.252832 0.208635 0.248255 0.307949 0.360614 0.464685 0.464685 0.493093 0.490783 0.46896 0.493093 0.479276 0.455989 0.457078 0.505356 0.48224 0.399293 0.340861 0.32659 0.367092 0.411644 0.374395 0.36292 0.377985 0.42522 0.459793 0.474072 0.545661 0.530468 
0.320006 0.367092 0.407415 0.383906 0.307466 0.263979 0.255077 0.239651 0.234866 0.245826 0.382217 0.479276 0.509108 0.506195 0.46896 0.432429 0.447711 0.463323 0.472081 0.479276 0.432293 0.357549 0.337016 0.365074 0.392354 0.404553 0.389847 0.366372 0.35814 0.402812 0.411059 0.39729 0.383787 0.43906 0.494872 
0.275559 0.290255 0.296521 0.273034 0.229832 0.215579 0.25069 0.26226 0.248363 0.265762 0.288872 0.432293 0.477414 0.484185 0.445788 0.39729 0.410431 0.424839 0.457078 0.470462 0.39729 0.337016 0.35511 0.39729 0.418226 0.396182 0.364053 0.372402 0.402812 0.401843 0.393713 0.401843 0.409758 0.396182 0.377985 
0.337016 0.339965 0.279018 0.229832 0.201568 0.208635 0.252995 0.314231 0.321631 0.319221 0.335326 0.323401 0.3448 0.432293 0.459793 0.46896 0.454981 0.432429 0.472081 0.446384 0.372425 0.303964 0.316385 0.383787 0.411059 0.417466 0.410431 0.417466 0.400799 0.376772 0.376772 0.409032 0.424839 0.417042 0.409032 
0.290284 0.340861 0.325538 0.250729 0.217254 0.208635 0.215579 0.277231 0.321631 0.34997 0.405339 0.327753 0.312514 0.368529 0.475684 0.493093 0.472081 0.447024 0.475684 0.42522 0.365074 0.308146 0.32088 0.376251 0.410431 0.432429 0.424839 0.417042 0.416586 0.399669 0.383624 0.424692 0.432575 0.432575 0.424839 
0.337623 0.31851 0.339965 0.275971 0.239651 0.224171 0.25784 0.289612 0.286347 0.329592 0.425331 0.411644 0.417859 0.46896 0.484185 0.484185 0.449253 0.486277 0.480426 0.411644 0.359832 0.303964 0.347106 0.396182 0.409758 0.447711 0.462061 0.432429 0.409032 0.399669 0.424692 0.417042 0.417042 0.424692 0.463323 
0.322473 0.296521 0.349844 0.293528 0.275653 0.252832 0.29146 0.332422 0.340861 0.352324 0.367092 0.465036 0.52391 0.51557 0.506195 0.46896 0.499729 0.486277 0.462061 0.447711 0.376251 0.31708 0.410431 0.454044 0.447711 0.479276 0.463323 0.417466 0.416586 0.432733 0.479276 0.439821 0.352497 0.389847 0.398324 
0.266479 0.357549 0.372425 0.300567 0.281209 0.29146 0.279444 0.28413 0.339167 0.389129 0.399293 0.459793 0.474072 0.48224 0.506195 0.497215 0.524626 0.561159 0.531816 0.424975 0.410431 0.401843 0.490783 0.545661 0.499729 0.455989 0.440703 0.441198 0.466157 0.481286 0.472081 0.389847 0.274827 0.311335 0.297539 
0.197348 0.35511 0.392354 0.332422 0.300888 0.29146 0.310455 0.29146 0.316736 0.354316 0.401859 0.406075 0.425331 0.42522 0.460887 0.512495 0.512495 0.509602 0.493093 0.490783 0.432293 0.447024 0.454044 0.467561 0.463323 0.455989 0.464685 0.483461 0.54017 0.498267 0.464685 0.484185 0.35511 0.296892 0.29723 
0.0536803 0.30388 0.377985 0.377405 0.317276 0.278384 0.307466 0.331165 0.327371 0.368126 0.365536 0.333755 0.352324 0.347467 0.389847 0.484185 0.528091 0.518637 0.490783 0.503486 0.494872 0.46896 0.370542 0.385254 0.389847 0.424839 0.483461 0.515642 0.529291 0.533425 0.49558 0.477414 0.391142 0.32659 0.32443 
0.100947 0.294577 0.32659 0.35454 0.34339 0.347772 0.379607 0.405339 0.405339 0.395561 0.361554 0.316736 0.319221 0.352403 0.376251 0.46896 0.518637 0.530468 0.503486 0.475684 0.42522 0.367092 0.34997 0.336563 0.357549 0.424692 0.47383 0.498267 0.498267 0.505356 0.53583 0.509108 0.484185 0.383787 0.344172 
0.399293 0.431737 0.333755 0.320163 0.352324 0.452356 0.466257 0.425102 0.439427 0.411644 0.380262 0.354316 0.352403 0.432167 0.432167 0.46896 0.534097 0.512495 0.454044 0.383787 0.340861 0.31851 0.317865 0.290898 0.340861 0.48224 0.481286 0.481286 0.505356 0.512247 0.52547 0.52547 0.502436 0.425102 0.329045 
0.414069 0.490418 0.346502 0.30116 0.34229 0.444216 0.512884 0.457813 0.452356 0.418568 0.432048 0.438716 0.474072 0.484185 0.460887 0.460887 0.537994 0.417466 0.382217 0.39729 0.386627 0.347772 0.339167 0.28789 0.304042 0.466257 0.521929 0.493093 0.515603 0.529291 0.512247 0.512247 0.505356 0.486277 0.379607 
0.437053 0.388587 0.315782 0.269362 0.286489 0.442908 0.466257 0.466257 0.438716 0.386627 0.418888 0.438395 0.439427 0.417466 0.432293 0.439427 0.479276 0.515603 0.432429 0.432167 0.452356 0.406075 0.386627 0.311335 0.277231 0.412705 0.551231 0.499729 0.512495 0.505356 0.498267 0.505356 0.481286 0.498267 0.467561 
0.350171 0.28789 0.274247 0.259252 0.295226 0.332527 0.451594 0.474072 0.386627 0.330871 0.335326 0.315763 0.374395 0.409758 0.394993 0.424975 0.432293 0.509108 0.477414 0.439427 0.459793 0.459793 0.404553 0.337016 0.336563 0.325538 0.431938 0.385254 0.470462 0.499729 0.522564 0.490972 0.464685 0.466157 0.515642 
0.285766 0.298083 0.304084 0.279444 0.273009 0.30103 0.331165 0.345327 0.315202 0.327753 0.370542 0.368529 0.366372 0.372402 0.378724 0.409758 0.410431 0.506195 0.503486 0.460887 0.466257 0.466257 0.411644 0.347467 0.325538 0.347467 0.372425 0.370542 0.432575 0.493093 0.486277 0.518949 0.512247 0.515642 0.493618 
