net_radiation
500.034 504.747 512.681 510.857 513.464 521.762 536.406 489.233 492.896 510.155 530.094 531.748 492.985 495.108 540.575 552.702 559.246 574.182 569.664 563.553 566.388 574.966 566.765 558.985 569.771 580.531 569.793 523.967 512.17 562.516 553.723 546.221 554.894 551.191 550.462 
499.424 491.97 506.988 503.077 505.97 515.257 547.594 518.289 509.633 536.56 539.274 529.056 525.297 522.805 532.252 552.943 566.558 575.594 574.061 571.085 575.001 577.537 568.843 564.701 576.504 582.335 559.857 505.683 531.92 574.613 569.508 556.642 562.086 560.024 557.279 
495.4 488.742 503.567 503.136 506.691 513.577 523.882 522.083 515.379 543.681 547.444 533.272 544.165 544.075 531.811 549.97 559.017 564.164 572.553 573.085 574.879 574.888 578.863 567.988 570.772 585.967 563.992 511.692 536.155 573.576 574.838 546.3 501.774 528.855 557.773 
497.825 492.48 491.358 486.587 505.668 540.147 537.589 523.278 514.082 518.817 517.505 533.791 538.958 544.761 539.865 553.627 544.036 543.601 566.803 576.654 577.269 576.292 575.92 575.16 568.357 581.752 569.016 543.33 550.239 578.512 563.586 527.864 468.494 489.04 550.089 
495.926 495.341 493.432 504.406 540.938 565.575 547.349 526.573 527.445 526.818 530.102 524.517 533.222 545.688 542.471 551.823 555.474 556.931 555.365 568.439 576.015 574.042 566.968 576.091 574.925 575.758 568.54 566.446 562.584 566.005 543.712 495.874 504.415 517.139 551.4 
502.793 496.142 499.757 503.355 508.365 518.259 510.764 510.978 527.546 521.082 524.78 525.92 532.975 547.871 537.427 537.666 549.496 561.923 558.71 564.096 568.06 572.589 574.776 580.507 572.778 566.699 569.15 569.066 559.14 534.122 535.396 529.711 551.33 556.243 551.131 
500.541 493.883 490.516 495.676 486.361 488.514 490.608 500.058 522.175 526.469 525.631 528.956 534.447 543.949 548.622 539.139 552.355 557.336 555.866 559.474 564.291 574.46 579.498 577.162 573.795 570.56 575.104 569.897 534.096 474.44 497.102 556.122 576.133 571.663 572.2 
499.802 488.324 499.969 506.893 497.811 497.927 496.066 502.055 521.109 536.655 537.157 532.511 532.199 538.661 542.504 542.319 556.488 544.411 525.996 527.509 541.021 552.921 564.174 562.891 568.364 540.628 511.843 527.646 522.636 533.703 569.803 582.23 580.183 578.921 582.659 
506.08 501.348 517.637 514.068 501.649 502.476 499.364 522.177 528.992 545.607 540.305 534.013 528.786 513.885 515.796 529.374 555.174 554.503 537.185 526.621 521.021 517.992 520.604 545.218 565.56 530.52 486.952 517.328 559.562 582.415 584.799 584.626 581.938 570.387 568.182 
507.269 507.87 518.604 527.828 501.22 496.735 492.046 497.151 503.517 525.675 544.805 539.673 529.874 500.48 522.149 547.799 559.212 547.835 533.11 548.073 535.611 531.847 538.305 554.588 563.503 553.23 550.751 569.042 585.555 583.545 584.731 586.924 580.203 567.94 566.064 
516.402 512.155 505.425 510.419 490.038 493.117 483.8 480.229 504.28 499.958 523.449 544.58 531.17 525.217 543.672 565.868 564.527 552.773 543.728 553.15 529.781 544.762 562.367 560.653 565.812 577.907 585.48 582.527 585.774 587.837 587.583 586.352 584.631 581.199 578.68 
520.933 522.571 510.021 512.694 506.215 500.503 476.773 465.482 491.847 511.974 522.754 546.029 534.636 518.884 528.105 570.186 568.623 561.907 560.463 561.952 546.209 569.725 564.311 519.734 551.531 583.389 582.965 581.889 584.243 587.08 587.254 585.576 587.892 587.185 581.646 
511.692 508.525 504.958 500.785 511.963 508.892 485.615 473.163 485.969 501.224 515.62 541.657 543.93 538.955 526.026 524.766 559.097 573.101 564.743 571.766 564.681 553.727 540.712 525.287 535.259 586.816 583.416 588.701 589.514 584.616 581.617 591.868 591.617 583.343 581.547 
502.68 498.656 496.905 491.323 489.957 501.485 494.567 488.125 489.474 498.159 520.568 539.405 542.074 550.754 557.93 559.027 573.222 573.247 570.439 574.997 572.348 566.073 559.221 556.78 564.438 581.664 581.337 589.726 593.093 582.994 582.414 593.626 590.277 584.82 576.505 
500.218 499.274 479.053 484.172 491.742 505.705 500.026 497.164 495.875 493.796 515.355 540.514 546.517 557.365 569.311 571.182 569.288 574.23 579.515 585.64 582.08 577.975 575.929 577.647 580.413 577.1 577.864 578.725 579.967 579.295 582.796 585.636 585.423 583.529 575.762 
503.088 491.611 490.745 500.503 500.724 505.113 497.605 500.31 496.7 511.816 524.425 537.61 547.552 562.073 569.342 573.406 577.467 579.595 582.825 581.141 576.997 575.482 577.805 579.901 579.799 578.738 577.228 578.131 578.252 582.813 581.978 578.306 576.951 574.034 571.893 
497.878 490.253 496.288 507.897 479.431 483.328 487.824 477.474 490.235 513.539 537.904 548.593 553.277 567.01 574.579 575.892 577.527 577.547 578.412 578.277 579.662 582.091 584.813 581.082 574.329 577.068 575.966 578.394 572.863 577.84 577.026 577.352 573.995 567.256 568.576 
486.907 484.046 496.716 509.183 513.294 470.816 477.317 475.419 502.145 514.756 536.973 554.246 561.291 570.1 578.019 571.54 576.691 576.895 577.616 576.191 581.654 588.573 580.214 575.899 565.629 558.861 561.016 570.628 575.336 576.233 575.533 575.822 574.61 567.832 565.296 
473.73 477.128 485.986 491.729 497.383 482.426 466.558 484.574 496.17 509.749 533.481 562.528 569.88 571.37 572.925 573.77 574.917 574.954 575.68 578.097 583.37 579.526 569.384 555.546 539.231 530.985 537.32 553.395 566.5 569.83 573.553 575.522 572.777 571.393 570.259 
491.496 498.267 506.963 513.68 502.881 479.565 462.068 463.821 494.975 522.69 542.851 565.806 571.754 574.061 571.947 570.662 572.832 574.878 574.651 575.945 579.899 563.555 546.125 527.983 529.151 541.028 549.829 555.472 552.449 554.132 559.037 562.535 566.873 570.969 569.679 
528.433 527.455 519.764 514.991 497.167 469.88 466.538 466.965 472.201 490.991 550.339 566.083 573.392 573.298 569.902 568.036 570.143 570.885 575.709 574.096 557.952 547.944 543.021 541.352 539.981 549.181 553.026 554.886 556.356 557.214 552.97 551.422 550.53 557.605 559.951 
564.396 543.92 511.557 498.652 479.892 463.91 474.088 478.495 481.22 498.079 516.798 555.788 568.675 570.626 561.296 558.744 561.699 568.341 576.719 567.727 547.184 538.717 545.708 549.382 548.586 554.845 556.987 554.561 557.053 561.771 561.27 563.627 561.545 555.043 545.559 
534.372 528.294 507.705 484.883 471.387 471.67 477.055 493.925 502.332 515.402 527.341 528.318 541.328 561.047 562.821 569.824 568.82 566.721 573.26 558.226 539.815 532.751 536.052 542.85 553.379 559.894 560.788 562.349 564.08 565.049 564.975 564.185 560.973 562.571 563.879 
501.719 515.782 510.731 491.712 476.62 468.833 470.969 490.363 505.154 522.124 543.732 535.022 546.743 557.535 570.201 572.142 573.991 563.901 564.035 550.981 536.802 534.297 537.58 544.61 555.547 565.05 565.789 566.473 568.478 567.573 569.683 567.585 560.643 560.585 560.34 
500.18 509.341 522.094 502.168 474.345 472.472 486.642 503.474 502.857 511.098 535.154 541.464 552.324 564.193 569.399 569.629 576.268 570.617 558.701 549.765 533.928 528.24 544.544 549.645 559.246 570.208 564.715 564.178 566.599 572.404 568.767 562.607 559.547 560.551 563.016 
518.313 514.741 534.033 504.328 483.685 476.77 481.469 509.105 513.211 517.045 527.912 544.999 554.559 564.074 570.91 566.325 573.263 575.762 567.249 562.486 543.171 541.452 554.245 557.051 566.144 572.65 572.571 567.179 570.74 574.433 569.465 555.902 544.196 540.567 536.683 
565.297 538.51 530.493 502.723 489.564 483.696 479.846 492.946 510.247 518.978 532.956 549.113 555.837 562.311 566.992 567.439 568.76 573.904 576.823 557.607 550.037 554.483 559.994 563.103 568.843 574.245 576.539 579.774 581.889 578.705 574.442 553.252 535.008 515.675 493.083 
581.58 545.006 540.599 512.527 489.152 486.621 489.423 487.191 489.273 503.056 521.68 535.418 539.183 547.929 560.356 570.093 569.522 567.512 574.944 565.509 557.847 554.254 557.535 559.733 566.469 569.982 578.246 586.885 588.799 586.39 579.34 566.862 544.091 509.676 498.954 
601.102 561.706 544.255 522.237 498.853 490.137 504.034 505.823 502.061 499.692 492.985 501.787 521.02 532.34 552.46 570.918 573.667 569.339 570.344 563.927 557.596 556.566 538.108 539.926 550.904 568.145 584.841 590.121 589.015 591.958 584.424 572.984 550.59 523.483 532.562 
587.302 557.403 525.641 513.79 516.169 521.532 534.64 540.737 541.949 526.742 490.067 493.363 524.909 537.899 549.625 567.918 571.851 569.6 565.563 561.96 544.206 530.772 524.611 513.772 541.536 571.888 582.84 587.485 590.559 591.737 588.014 579.874 568.004 547.386 551.311 
542.45 533.908 504.396 493.088 518.032 545.595 545.917 550.523 556.281 547.646 518.367 509.822 542.022 553.265 554.889 567.16 572.707 568.788 558.332 547.598 519.417 508.422 501.009 489.366 519.593 559.892 583.386 584.177 588.088 589.862 588.578 585.646 580.084 556.277 544.092 
525.779 519.289 489.196 468.281 491.072 531.827 540.742 543.968 546.522 544.701 544.836 546.138 558.27 564.511 561.242 564.352 574.928 567.01 551.98 542.825 531.919 512.858 500.693 484.506 497.399 550.005 571.082 575.989 581.409 590.906 589.68 586.298 587.382 578.428 543.456 
517.154 505.751 471.569 459.202 462.925 512.848 539.955 544.439 542.114 537.747 538.442 542.719 556.047 559.885 562.03 559.873 572.531 571.682 558.639 547.987 540.452 528.329 522.163 506.31 491.655 531.159 563.989 570.518 570.475 588.583 590.304 588.725 585.322 589.141 566.943 
503.87 489.5 467.877 465.109 464.127 481.676 531.98 544.451 527.818 525.384 531.691 533.6 552.284 560.393 560.069 560.373 562.451 573.338 564.603 554.443 548.155 544.221 533.247 524.158 507.054 510.26 544.183 542.203 569.568 579.515 589.304 590.091 584.825 591.298 593.949 
479.729 474.012 462.911 465.22 467.275 471.385 498.984 513.469 510.545 529.615 544.207 547.415 555.672 561.42 566.685 562.559 559.518 569.872 562.086 558.405 550.556 544.699 537.215 520.511 501.375 522.331 534.196 541.726 570.849 578.317 582.299 586.606 587.969 596.998 598.674 
