pai
1.51706 1.49432 1.72622 2.16325 2.26811 2.27783 2.39335 1.85178 1.81683 1.84385 2.06811 2.26427 1.95258 1.91763 2.14838 2.25354 2.48636 2.93053 2.90931 2.69569 2.7656 2.6996 2.57305 2.2459 2.43324 2.95304 2.69569 1.97731 1.96113 2.56048 2.45078 2.74288 3.23885 2.94075 2.78512 
1.74585 1.80889 2.02344 2.25051 2.20762 2.1806 2.41646 2.00584 1.95557 2.15941 2.27601 2.21828 2.1192 2.38269 2.16325 2.35076 2.62579 2.86062 2.64465 2.60969 2.96548 2.6996 2.608 2.40063 2.62969 3.1072 2.6453 1.84407 2.06042 2.62579 2.67791 2.95753 2.85436 2.48636 2.35076 
1.81575 1.80254 1.97939 2.27783 2.47783 2.37297 2.32314 2.16325 1.92061 2.52132 2.35076 2.34592 2.44155 2.52552 2.27783 2.49057 2.85267 2.64295 2.55588 2.86062 3.00043 2.86062 2.62969 2.57305 2.27665 2.63846 2.50549 1.77417 1.928 2.74951 2.93053 2.32314 1.76806 2.04079 2.36568 
1.85071 1.8788 1.9074 2.07631 2.17267 1.85658 1.72894 2.13802 1.92061 1.9979 1.95557 2.07847 2.28849 2.25354 2.34592 2.73104 2.77019 2.32314 2.62579 3.01189 2.96548 2.93053 2.60969 2.50484 2.21095 2.6509 2.62579 2.24288 2.22932 2.95304 2.69608 2.13033 1.58456 1.83549 2.37165 
1.92061 1.88566 1.94871 1.7808 1.53026 1.35801 1.36905 1.95354 2.11343 1.84868 1.99821 2.13802 2.11343 2.23184 2.27601 2.61035 2.6453 2.90541 2.80094 2.90931 2.98799 2.93053 2.45141 2.38112 2.53979 2.60969 2.59122 2.88932 2.5754 2.69569 2.52068 1.72852 1.99159 1.8612 2.24106 
2.00584 1.96295 1.88566 1.73899 1.7808 1.83107 1.59283 1.80889 2.11343 1.90949 1.90949 1.95354 2.00857 2.16193 2.12446 2.19437 2.59122 3.01417 3.18894 3.30257 3.16275 2.80446 2.43493 2.48988 2.80446 3.21015 2.95922 2.90931 2.80094 2.03286 2.0493 2.17267 2.94075 2.80094 2.31096 
2.15416 2.10276 1.75634 1.79668 1.81277 1.92169 1.88674 1.8612 1.98849 1.88363 1.76967 1.88363 2.0196 2.16193 2.23184 2.12446 2.28085 2.5381 2.80055 3.08408 3.23266 2.82567 2.61595 2.91808 2.88313 2.73455 2.73455 2.69569 2.5225 1.82794 1.87044 2.71521 3.1278 3.07034 2.57305 
2.14565 2.11712 1.8788 1.58697 1.42829 1.57216 2.04135 2.16528 1.94444 2.18363 2.10125 2.00857 2.00857 2.10125 2.25354 2.30174 2.41646 2.35839 2.26811 2.33802 2.65127 2.78277 2.7695 2.66074 2.57474 2.17297 1.89122 2.01226 2.22833 2.44288 2.69569 2.68586 2.66464 2.6996 2.72081 
2.1283 2.18911 1.96325 1.74585 1.36244 1.50674 1.90154 2.85502 2.54641 2.41646 2.26679 2.20611 1.98849 1.80254 2.02547 1.94444 2.29578 2.40063 2.17297 2.03286 1.87245 1.94236 1.94871 2.15941 2.55588 2.32892 1.97319 1.96113 2.47651 2.84818 2.68586 2.62969 2.79071 2.62579 2.5381 
2.05839 2.1283 2.33418 2.1362 1.54169 1.53721 1.75141 2.27014 2.16528 2.11343 2.36568 2.37165 2.18333 1.84772 2.1107 2.38571 2.5381 2.4066 2.01434 2.18363 1.93593 2.0493 2.3581 2.61035 2.64295 2.82007 2.75613 2.73065 2.74332 2.75576 2.72081 2.74332 2.82567 2.57305 2.43559 
2.38087 2.43904 2.33802 1.97089 1.638 1.71646 1.77782 1.44714 1.80889 1.93649 2.32314 2.50549 2.25324 2.1192 2.24106 2.59084 2.81941 2.42067 2.11343 2.19688 1.85071 2.19437 2.83551 2.80055 2.66074 2.86062 2.83713 2.72081 2.46988 2.43493 2.6509 2.62969 2.68586 2.45102 2.53979 
2.31096 2.47651 2.43904 2.28819 1.9979 1.91375 1.84407 1.58446 1.74692 2.1192 2.20792 2.55627 2.45078 2.09538 2.07575 2.62969 2.7695 2.80055 2.40063 2.40063 2.20792 2.45102 2.46819 1.97145 2.19437 2.45493 2.59474 2.55979 2.34617 2.43493 2.72081 2.50484 2.52483 2.61595 2.81322 
2.13802 2.0493 1.89305 1.99052 2.1192 1.89305 1.78188 1.66073 1.77782 1.94236 2.00584 2.25354 2.37165 2.38087 2.18911 1.94871 2.23184 2.60969 2.36568 2.55588 2.7656 2.1362 1.94444 1.8375 2.03286 2.54604 2.53979 2.45493 2.36502 2.62969 2.73455 2.54604 2.52483 2.62969 2.62969 
1.89305 1.69182 1.58158 1.75634 2.01226 1.84385 1.68644 1.78636 1.89122 1.90154 1.97939 2.14868 2.11372 2.23184 2.69569 2.57305 2.46988 2.52093 2.48598 2.50484 2.46819 2.67791 2.85267 2.56048 2.40063 2.66464 2.6996 2.581 2.51109 2.60969 2.7695 2.67341 2.6509 2.6509 2.7695 
1.97089 1.40188 1.41394 1.70426 2.08852 2.04079 1.76759 1.68644 1.67702 1.5994 1.77394 2.11372 2.21095 2.17599 2.48598 2.73455 2.60969 2.62969 2.61595 2.51109 2.52483 2.50484 2.48598 2.53979 2.68586 2.86062 2.87436 2.80446 2.64465 2.57474 2.60969 2.6996 2.66464 2.62969 2.59084 
2.19821 2.05356 1.71646 2.28546 2.32042 2.04079 1.91375 1.72678 1.75141 1.97089 1.91858 2.0196 2.17599 2.41607 2.6996 2.55979 2.55979 2.74332 2.70837 2.55979 2.41607 2.25847 2.25847 2.46988 2.62969 2.82567 2.86062 2.79071 2.62969 2.46988 2.62969 2.7695 2.71455 2.55588 2.43324 
2.25901 2.15842 1.53721 2.68371 1.95258 1.70791 1.78636 1.84407 1.67296 1.7808 1.99639 2.14104 2.3116 2.31121 2.39998 2.31121 2.55979 2.59474 2.55979 2.53979 2.24131 2.33007 2.5336 2.72081 2.64465 2.62969 2.66464 2.53979 2.60969 2.53979 2.60969 2.6996 2.74951 2.55627 2.38151 
2.04721 1.96606 1.79668 2.1107 2.57885 1.66073 1.66073 1.66073 1.76173 1.82314 1.9497 2.08606 2.31121 2.27626 2.52483 2.57474 2.46988 2.46988 2.43493 2.39998 2.26016 2.42874 2.77827 2.66464 2.52132 2.23184 2.33073 2.45102 2.39828 2.53979 2.64465 2.6996 2.87436 2.94427 2.7656 
1.91398 1.76558 1.92169 2.03597 2.15842 1.91763 1.5495 1.73922 1.78636 1.73264 1.82344 2.18857 2.24131 2.43493 2.62969 2.46988 2.43493 2.38112 2.29342 2.27626 2.40623 2.67341 2.73455 2.42067 2.01434 1.88566 1.97089 2.08951 2.41646 2.66464 2.6796 2.75576 2.80446 2.7695 2.78446 
1.93111 2.08217 2.43378 2.49791 2.13033 1.87578 1.72535 1.5138 1.638 1.83107 1.99639 2.33007 2.33007 2.46988 2.48598 2.39828 2.46988 2.39998 2.31121 2.29512 2.47614 2.46819 2.19437 1.9979 1.928 2.06811 2.21858 2.04382 2.0196 2.08951 2.26679 2.40063 2.45141 2.73455 2.6796 
1.87453 2.06811 2.27783 2.18911 1.89615 1.76347 1.72676 1.65544 1.6219 1.63436 2.07877 2.39998 2.52483 2.53979 2.39828 2.24169 2.29342 2.34617 2.36502 2.39998 2.26082 2.00857 1.9283 2.04352 2.15941 2.18363 2.11372 2.00887 1.97391 2.14104 2.19688 2.14868 2.10125 2.31581 2.5381 
1.66662 1.72894 1.80889 1.74692 1.58871 1.54875 1.69356 1.73311 1.66321 1.71197 1.77394 2.26082 2.41607 2.45102 2.35076 2.14868 2.17599 2.20674 2.29512 2.38112 2.14868 1.9283 1.98465 2.14868 2.23184 2.12698 1.98716 2.02212 2.14104 2.12101 2.08606 2.12101 2.15596 2.12698 2.08951 
1.9283 1.95354 1.75634 1.58871 1.47885 1.5138 1.69568 1.93111 1.94236 1.89305 1.94444 1.90098 1.96325 2.26082 2.40063 2.39828 2.32838 2.24169 2.36502 2.33073 2.07847 1.80463 1.84868 2.10125 2.19688 2.19092 2.17599 2.19092 2.10188 2.01615 2.01615 2.13684 2.20674 2.17179 2.13684 
1.82132 1.9979 1.94871 1.66606 1.5495 1.5138 1.54875 1.77782 1.94236 2.01434 2.20611 1.90949 1.82344 2.03134 2.43324 2.46988 2.36502 2.3116 2.43324 2.26679 2.04352 1.81372 1.85839 2.06629 2.17599 2.24169 2.20674 2.17179 2.15361 2.08371 2.03198 2.18857 2.22352 2.22352 2.20674 
2.04135 1.91375 1.95354 1.75141 1.65544 1.58446 1.70102 1.79668 1.7913 1.95557 2.28849 2.21858 2.21095 2.39828 2.45102 2.45102 2.26016 2.43493 2.48636 2.21858 2.03316 1.80463 1.9497 2.12698 2.15596 2.29342 2.36333 2.24169 2.13684 2.08371 2.18857 2.17179 2.17179 2.18857 2.34617 
1.92061 1.80889 1.97361 1.82625 1.80302 1.72535 1.87578 1.98366 1.9979 2.04079 2.06811 2.45562 2.71286 2.62579 2.53979 2.39828 2.50484 2.43493 2.36333 2.29342 2.06629 1.8338 2.17599 2.34655 2.29342 2.39998 2.34617 2.19092 2.15361 2.20635 2.39998 2.27665 1.96143 2.11372 2.17115 
1.63764 2.00857 2.07847 1.8612 1.80912 1.87578 1.83549 1.81277 2.01861 2.19821 2.19437 2.40063 2.45141 2.46819 2.53979 2.52093 2.64465 2.79071 2.61595 2.22587 2.17599 2.12101 2.48598 2.73455 2.50484 2.31121 2.24131 2.22521 2.31511 2.38502 2.36502 2.11372 1.69126 1.8788 1.88267 
1.45691 1.98465 2.15941 1.98366 1.91398 1.87578 1.95258 1.87578 1.98753 2.11712 2.26811 2.22932 2.28849 2.26679 2.38151 2.57474 2.57474 2.59084 2.46988 2.48598 2.26082 2.3116 2.34655 2.41646 2.34617 2.31121 2.33007 2.37128 2.59246 2.44118 2.33007 2.45102 1.98465 1.83164 1.85627 
1.24653 1.76419 2.08951 2.15416 1.96113 1.80587 1.89615 2.0064 2.00101 2.21612 2.24075 2.03597 2.04079 1.98849 2.11372 2.45102 2.62969 2.60969 2.48598 2.55588 2.5381 2.39828 2.05455 2.12446 2.11372 2.20674 2.37128 2.49865 2.56855 2.5575 2.45493 2.41607 2.1362 1.928 1.88363 
1.2182 1.73998 1.928 2.06781 2.02547 2.03286 2.11343 2.20611 2.20611 2.23316 2.23626 1.98753 1.89305 1.99821 2.06629 2.39828 2.60969 2.6796 2.55588 2.43324 2.26679 2.06811 2.01434 1.99052 2.00857 2.18857 2.35007 2.44118 2.44118 2.47614 2.60351 2.52483 2.45102 2.10125 1.92648 
2.19437 2.36913 2.03597 1.99159 2.04079 2.38571 2.43559 2.2459 2.29578 2.21858 2.20762 2.11712 1.99821 2.28085 2.28085 2.39828 2.66464 2.57474 2.34655 2.10125 1.9979 1.91375 1.93649 1.84772 1.9979 2.46819 2.38502 2.38502 2.47614 2.51109 2.581 2.581 2.48988 2.2459 1.89335 
2.33802 2.77753 2.1623 1.97319 2.10094 2.41582 2.71521 2.44155 2.38571 2.25354 2.30174 2.33669 2.45141 2.45102 2.38151 2.38151 2.6509 2.19092 2.07877 2.14868 2.14838 2.03286 2.01861 1.84407 1.89122 2.43559 2.59474 2.46988 2.55979 2.56855 2.51109 2.51109 2.47614 2.43493 2.11343 
2.47783 2.29824 2.04521 1.82913 1.90152 2.48755 2.43559 2.43559 2.33669 2.14838 2.27601 2.35839 2.29578 2.19092 2.26082 2.29578 2.39998 2.55979 2.24169 2.28085 2.38571 2.22932 2.14838 1.8788 1.77782 2.26427 2.7695 2.50484 2.57474 2.47614 2.44118 2.47614 2.38502 2.44118 2.41646 
2.11126 1.84407 1.83162 1.7603 1.93823 2.0615 2.4066 2.45141 2.14838 1.93593 1.94444 1.86603 2.04382 2.15596 2.10609 2.22587 2.26082 2.52483 2.41607 2.29578 2.40063 2.40063 2.18363 1.9283 1.99052 1.94871 2.32344 2.12446 2.38112 2.50484 2.5336 2.40623 2.33007 2.31511 2.49865 
1.87044 1.94035 1.9753 1.83549 1.80054 1.94283 2.0064 2.00584 1.88566 1.90949 2.05455 2.03134 2.00887 2.02212 2.03618 2.15596 2.17599 2.53979 2.55588 2.38151 2.43559 2.43559 2.21858 1.98849 1.94871 1.98849 2.07847 2.05455 2.22352 2.46988 2.43493 2.54604 2.51109 2.49865 2.39379 
