reflectance-7
0.267636 0.258036 0.210041 0.194042 0.155646 0.136448 0.146047 0.277235 0.200442 0.165245 0.133248 0.162045 0.213241 0.203641 0.126849 0.123649 0.0980512 0.0628545 0.0756533 0.0916518 0.0756533 0.0692539 0.11405 0.120449 0.0756533 0.0596548 0.0852524 0.178044 0.133248 0.0916518 0.123649 0.101251 0.0756533 0.0852524 0.101251 
0.229239 0.235639 0.190843 0.187643 0.174844 0.158846 0.11405 0.178044 0.213241 0.11085 0.123649 0.171644 0.171644 0.162045 0.149247 0.104451 0.0852524 0.0660542 0.0724536 0.0852524 0.0628545 0.0724536 0.0820527 0.11085 0.0820527 0.0564551 0.11405 0.174844 0.0980512 0.078853 0.0916518 0.0980512 0.104451 0.11085 0.11085 
0.229239 0.226039 0.203641 0.197242 0.178044 0.152446 0.133248 0.158846 0.200442 0.117249 0.120449 0.146047 0.130048 0.11085 0.146047 0.126849 0.0756533 0.0916518 0.078853 0.0692539 0.0660542 0.0756533 0.078853 0.104451 0.101251 0.0628545 0.0852524 0.152446 0.130048 0.078853 0.0820527 0.11085 0.165245 0.139647 0.104451 
0.210041 0.21644 0.21964 0.200442 0.146047 0.120449 0.146047 0.165245 0.197242 0.174844 0.133248 0.130048 0.136448 0.130048 0.123649 0.10765 0.0980512 0.11405 0.0884521 0.0628545 0.0596548 0.0628545 0.078853 0.0980512 0.0980512 0.0692539 0.0980512 0.11405 0.0916518 0.0660542 0.101251 0.142847 0.200442 0.197242 0.120449 
0.206841 0.21644 0.210041 0.184443 0.123649 0.0628545 0.101251 0.133248 0.155646 0.174844 0.158846 0.162045 0.146047 0.133248 0.123649 0.0884521 0.078853 0.0916518 0.0948515 0.0692539 0.0564551 0.0756533 0.0980512 0.0916518 0.0884521 0.0756533 0.0820527 0.0820527 0.0884521 0.0820527 0.11405 0.171644 0.171644 0.142847 0.130048 
0.194042 0.200442 0.200442 0.181244 0.155646 0.123649 0.174844 0.178044 0.158846 0.174844 0.174844 0.168445 0.149247 0.120449 0.139647 0.146047 0.104451 0.0756533 0.0724536 0.0660542 0.0596548 0.078853 0.0884521 0.078853 0.0756533 0.0756533 0.078853 0.0724536 0.0948515 0.126849 0.133248 0.126849 0.0820527 0.101251 0.11085 
0.190843 0.200442 0.226039 0.213241 0.229239 0.210041 0.226039 0.194042 0.155646 0.158846 0.171644 0.162045 0.149247 0.120449 0.10765 0.123649 0.11085 0.0916518 0.0980512 0.0820527 0.0628545 0.0628545 0.0596548 0.0628545 0.0724536 0.078853 0.0916518 0.078853 0.130048 0.200442 0.155646 0.0884521 0.0596548 0.0692539 0.0852524 
0.178044 0.197242 0.200442 0.21964 0.264436 0.261236 0.206841 0.158846 0.139647 0.123649 0.142847 0.146047 0.146047 0.146047 0.123649 0.130048 0.101251 0.10765 0.152446 0.178044 0.142847 0.142847 0.11405 0.104451 0.0852524 0.10765 0.139647 0.133248 0.139647 0.126849 0.0948515 0.0628545 0.0628545 0.0660542 0.0660542 
0.181244 0.181244 0.146047 0.194042 0.270835 0.258036 0.21964 0.133248 0.126849 0.11085 0.11085 0.146047 0.149247 0.187643 0.168445 0.152446 0.101251 0.11405 0.123649 0.155646 0.197242 0.184443 0.178044 0.139647 0.0916518 0.117249 0.162045 0.152446 0.0852524 0.0628545 0.0596548 0.0628545 0.0628545 0.0820527 0.104451 
0.181244 0.165245 0.139647 0.158846 0.22284 0.270835 0.245238 0.21964 0.174844 0.133248 0.11405 0.123649 0.142847 0.190843 0.155646 0.126849 0.0948515 0.101251 0.149247 0.120449 0.174844 0.190843 0.162045 0.104451 0.0884521 0.078853 0.0820527 0.0756533 0.0628545 0.0628545 0.0660542 0.0660542 0.0628545 0.0948515 0.10765 
0.139647 0.136448 0.139647 0.165245 0.213241 0.22284 0.22284 0.286834 0.235639 0.158846 0.133248 0.10765 0.130048 0.152446 0.139647 0.0916518 0.0756533 0.101251 0.126849 0.117249 0.203641 0.155646 0.101251 0.0948515 0.0980512 0.0692539 0.0628545 0.0660542 0.0756533 0.0756533 0.0660542 0.0660542 0.0660542 0.0852524 0.078853 
0.130048 0.136448 0.152446 0.158846 0.184443 0.194042 0.254837 0.296433 0.242038 0.171644 0.146047 0.104451 0.126849 0.152446 0.133248 0.0916518 0.0820527 0.0884521 0.0980512 0.104451 0.117249 0.104451 0.104451 0.139647 0.139647 0.0724536 0.0660542 0.0756533 0.0724536 0.0756533 0.0628545 0.0692539 0.0660542 0.0724536 0.0692539 
0.174844 0.184443 0.197242 0.178044 0.136448 0.158846 0.235639 0.261236 0.229239 0.184443 0.152446 0.133248 0.117249 0.133248 0.133248 0.120449 0.0916518 0.078853 0.0916518 0.0820527 0.0884521 0.11085 0.126849 0.158846 0.126849 0.0724536 0.0692539 0.0692539 0.0660542 0.0692539 0.0660542 0.0660542 0.0660542 0.0628545 0.0724536 
0.190843 0.235639 0.251637 0.242038 0.200442 0.187643 0.232439 0.245238 0.235639 0.232439 0.178044 0.130048 0.126849 0.117249 0.101251 0.104451 0.0820527 0.0724536 0.0852524 0.078853 0.0852524 0.0884521 0.0948515 0.117249 0.0948515 0.0660542 0.0692539 0.0628545 0.0628545 0.0692539 0.0692539 0.0596548 0.0596548 0.0628545 0.0756533 
0.197242 0.264436 0.283634 0.267636 0.229239 0.168445 0.210041 0.254837 0.242038 0.251637 0.184443 0.136448 0.120449 0.10765 0.0724536 0.0724536 0.0724536 0.0724536 0.0756533 0.0628545 0.0660542 0.0756533 0.0724536 0.0692539 0.0692539 0.0660542 0.0628545 0.0660542 0.0628545 0.0724536 0.0724536 0.0660542 0.0596548 0.0660542 0.0948515 
0.171644 0.194042 0.258036 0.197242 0.152446 0.178044 0.197242 0.22284 0.229239 0.210041 0.187643 0.149247 0.120449 0.0916518 0.0724536 0.0756533 0.0756533 0.0628545 0.0660542 0.0692539 0.078853 0.0884521 0.0852524 0.078853 0.0724536 0.0596548 0.0660542 0.0596548 0.0724536 0.0756533 0.0692539 0.0660542 0.078853 0.0980512 0.11085 
0.190843 0.194042 0.258036 0.152446 0.206841 0.254837 0.22284 0.245238 0.232439 0.184443 0.136448 0.11085 0.11085 0.0948515 0.0692539 0.0756533 0.0660542 0.0692539 0.0724536 0.0724536 0.0948515 0.0756533 0.0756533 0.0724536 0.0628545 0.0724536 0.0724536 0.0692539 0.0756533 0.0820527 0.0724536 0.078853 0.078853 0.0980512 0.117249 
0.242038 0.245238 0.248437 0.187643 0.158846 0.264436 0.254837 0.248437 0.22284 0.200442 0.155646 0.11405 0.101251 0.0884521 0.0660542 0.078853 0.0756533 0.0756533 0.0692539 0.078853 0.0820527 0.0628545 0.0660542 0.0724536 0.0884521 0.10765 0.11405 0.0948515 0.078853 0.0820527 0.0724536 0.0756533 0.0692539 0.0724536 0.0884521 
0.270835 0.245238 0.232439 0.184443 0.165245 0.22284 0.274035 0.245238 0.21644 0.210041 0.165245 0.101251 0.0820527 0.0756533 0.0724536 0.0852524 0.0852524 0.0820527 0.0852524 0.0852524 0.0724536 0.0596548 0.078853 0.117249 0.162045 0.190843 0.158846 0.123649 0.101251 0.0884521 0.078853 0.0724536 0.0692539 0.078853 0.0724536 
0.248437 0.213241 0.184443 0.165245 0.203641 0.213241 0.277235 0.286834 0.242038 0.200442 0.152446 0.0948515 0.0724536 0.0756533 0.0820527 0.0948515 0.0948515 0.0916518 0.0852524 0.0756533 0.0724536 0.0948515 0.136448 0.184443 0.197242 0.158846 0.126849 0.123649 0.126849 0.117249 0.0980512 0.0980512 0.0852524 0.078853 0.078853 
0.158846 0.146047 0.158846 0.178044 0.242038 0.277235 0.283634 0.280434 0.277235 0.251637 0.11405 0.0948515 0.078853 0.0724536 0.0948515 0.11405 0.101251 0.0916518 0.0820527 0.0852524 0.11085 0.142847 0.168445 0.162045 0.139647 0.123649 0.123649 0.130048 0.130048 0.130048 0.126849 0.130048 0.130048 0.117249 0.11085 
0.0980512 0.139647 0.203641 0.254837 0.299633 0.322031 0.274035 0.245238 0.248437 0.232439 0.194042 0.11405 0.0852524 0.0820527 0.11085 0.133248 0.11085 0.0948515 0.0756533 0.0852524 0.155646 0.162045 0.146047 0.123649 0.123649 0.120449 0.117249 0.123649 0.11085 0.10765 0.10765 0.11085 0.11405 0.120449 0.133248 
0.146047 0.178044 0.21644 0.267636 0.306032 0.318831 0.280434 0.229239 0.21644 0.194042 0.178044 0.187643 0.162045 0.11405 0.117249 0.0980512 0.0852524 0.0980512 0.0884521 0.0980512 0.171644 0.184443 0.162045 0.126849 0.11085 0.10765 0.104451 0.104451 0.0948515 0.101251 0.104451 0.104451 0.10765 0.11405 0.117249 
0.200442 0.187643 0.187643 0.242038 0.299633 0.309232 0.293233 0.235639 0.197242 0.158846 0.120449 0.171644 0.158846 0.126849 0.0948515 0.0852524 0.0852524 0.0916518 0.101251 0.130048 0.181244 0.206841 0.190843 0.139647 0.11405 0.0980512 0.101251 0.101251 0.0948515 0.101251 0.0884521 0.104451 0.104451 0.10765 0.104451 
0.206841 0.187643 0.165245 0.22284 0.280434 0.286834 0.248437 0.21644 0.210041 0.190843 0.146047 0.139647 0.117249 0.101251 0.0820527 0.0820527 0.078853 0.078853 0.0948515 0.126849 0.174844 0.210041 0.165245 0.130048 0.11085 0.0884521 0.0916518 0.10765 0.10765 0.101251 0.0980512 0.101251 0.11085 0.10765 0.104451 
0.162045 0.174844 0.162045 0.22284 0.261236 0.274035 0.245238 0.197242 0.181244 0.174844 0.155646 0.117249 0.0884521 0.0884521 0.078853 0.0884521 0.0692539 0.0692539 0.0884521 0.0948515 0.158846 0.197242 0.126849 0.11085 0.0980512 0.078853 0.0884521 0.0980512 0.104451 0.0852524 0.0852524 0.126849 0.174844 0.165245 0.149247 
0.101251 0.126849 0.165245 0.245238 0.254837 0.254837 0.261236 0.235639 0.184443 0.155646 0.146047 0.11085 0.0884521 0.0916518 0.078853 0.0852524 0.0820527 0.0628545 0.0692539 0.11405 0.146047 0.158846 0.0980512 0.0820527 0.0916518 0.0852524 0.0852524 0.0724536 0.0756533 0.0660542 0.078853 0.117249 0.190843 0.197242 0.21644 
0.0820527 0.123649 0.142847 0.203641 0.245238 0.248437 0.245238 0.248437 0.242038 0.203641 0.168445 0.149247 0.133248 0.130048 0.104451 0.078853 0.0756533 0.0756533 0.078853 0.0852524 0.104451 0.10765 0.11085 0.0980512 0.0980512 0.101251 0.078853 0.0628545 0.0564551 0.0692539 0.0724536 0.0980512 0.152446 0.22284 0.229239 
0.0564551 0.126849 0.146047 0.174844 0.232439 0.251637 0.206841 0.203641 0.206841 0.206841 0.213241 0.203641 0.190843 0.181244 0.146047 0.0948515 0.078853 0.0756533 0.0756533 0.0884521 0.0980512 0.10765 0.149247 0.162045 0.139647 0.104451 0.0660542 0.0596548 0.0564551 0.0596548 0.0660542 0.0852524 0.130048 0.187643 0.174844 
0.0692539 0.10765 0.178044 0.206841 0.184443 0.178044 0.139647 0.126849 0.11405 0.152446 0.213241 0.229239 0.181244 0.158846 0.136448 0.0980512 0.0724536 0.0724536 0.0756533 0.0948515 0.126849 0.142847 0.178044 0.21964 0.146047 0.0980512 0.0724536 0.0628545 0.0660542 0.0660542 0.0692539 0.078853 0.0980512 0.146047 0.139647 
0.130048 0.146047 0.22284 0.22284 0.158846 0.10765 0.11085 0.11085 0.11085 0.126849 0.162045 0.187643 0.126849 0.117249 0.130048 0.0948515 0.0628545 0.078853 0.104451 0.123649 0.178044 0.200442 0.210041 0.245238 0.190843 0.10765 0.0756533 0.078853 0.0692539 0.0628545 0.0660542 0.0692539 0.0756533 0.142847 0.155646 
0.146047 0.142847 0.206841 0.232439 0.200442 0.120449 0.11405 0.117249 0.120449 0.130048 0.126849 0.126849 0.104451 0.0916518 0.101251 0.0980512 0.0724536 0.0884521 0.130048 0.123649 0.152446 0.181244 0.206841 0.248437 0.226039 0.104451 0.0724536 0.078853 0.0724536 0.0596548 0.0596548 0.0660542 0.0660542 0.0820527 0.158846 
0.152446 0.21964 0.267636 0.277235 0.229239 0.142847 0.11085 0.117249 0.133248 0.149247 0.139647 0.130048 0.11405 0.0948515 0.104451 0.10765 0.0724536 0.0820527 0.104451 0.11405 0.136448 0.155646 0.165245 0.184443 0.21964 0.136448 0.0820527 0.0884521 0.078853 0.0596548 0.0596548 0.0692539 0.0724536 0.0660542 0.0948515 
0.194042 0.242038 0.267636 0.270835 0.251637 0.184443 0.123649 0.130048 0.171644 0.171644 0.168445 0.152446 0.123649 0.104451 0.10765 0.11085 0.0948515 0.0756533 0.0916518 0.10765 0.10765 0.123649 0.146047 0.171644 0.194042 0.162045 0.11405 0.139647 0.078853 0.0660542 0.0660542 0.0692539 0.0724536 0.0692539 0.0564551 
0.248437 0.254837 0.264436 0.274035 0.270835 0.242038 0.190843 0.181244 0.200442 0.178044 0.149247 0.133248 0.11405 0.10765 0.101251 0.11405 0.0948515 0.0820527 0.0852524 0.101251 0.11085 0.120449 0.139647 0.171644 0.203641 0.171644 0.152446 0.136448 0.0916518 0.0724536 0.0692539 0.0660542 0.0692539 0.0628545 0.0596548 
