reflectance-3
0.118711 0.113174 0.10487 0.0993331 0.0993331 0.0965649 0.0854919 0.127016 0.127016 0.113174 0.0965649 0.0910284 0.129784 0.129784 0.0937966 0.0854919 0.0744189 0.0605777 0.063346 0.0688824 0.0688824 0.063346 0.0716507 0.0799554 0.0716507 0.0578095 0.0688824 0.115943 0.124247 0.0799554 0.0882601 0.0854919 0.0661142 0.0744189 0.0771872 
0.110406 0.113174 0.0993331 0.10487 0.107638 0.10487 0.0744189 0.10487 0.110406 0.0910284 0.0882601 0.0937966 0.102101 0.0965649 0.0993331 0.0799554 0.0688824 0.0605777 0.0661142 0.0661142 0.0605777 0.063346 0.0716507 0.0771872 0.063346 0.052273 0.0771872 0.132552 0.110406 0.0688824 0.0716507 0.0716507 0.0661142 0.0744189 0.0799554 
0.110406 0.115943 0.102101 0.0965649 0.0993331 0.0993331 0.0937966 0.0993331 0.110406 0.0744189 0.0799554 0.0882601 0.0827237 0.0799554 0.0965649 0.0799554 0.0716507 0.0716507 0.0688824 0.0605777 0.0605777 0.0605777 0.063346 0.0716507 0.0744189 0.0578095 0.0771872 0.132552 0.107638 0.0661142 0.0605777 0.0937966 0.138089 0.10487 0.0771872 
0.110406 0.113174 0.115943 0.118711 0.107638 0.0882601 0.0937966 0.0965649 0.110406 0.107638 0.110406 0.0937966 0.0854919 0.0854919 0.0882601 0.0744189 0.0799554 0.0937966 0.0688824 0.0550412 0.0605777 0.0605777 0.0661142 0.0661142 0.0799554 0.0605777 0.0688824 0.0965649 0.0910284 0.0578095 0.0744189 0.110406 0.168539 0.140857 0.0827237 
0.110406 0.110406 0.113174 0.110406 0.0910284 0.0827237 0.0965649 0.0993331 0.0937966 0.0993331 0.0965649 0.0965649 0.0937966 0.0827237 0.0882601 0.0771872 0.0771872 0.0688824 0.0744189 0.063346 0.0578095 0.0605777 0.0744189 0.0688824 0.0661142 0.0661142 0.0744189 0.0661142 0.0771872 0.0688824 0.0882601 0.143625 0.127016 0.121479 0.0882601 
0.10487 0.107638 0.110406 0.113174 0.110406 0.10487 0.115943 0.113174 0.0937966 0.102101 0.102101 0.0993331 0.0937966 0.0827237 0.0910284 0.0910284 0.0744189 0.063346 0.063346 0.0578095 0.0578095 0.063346 0.0661142 0.063346 0.063346 0.0605777 0.0661142 0.063346 0.0744189 0.107638 0.102101 0.107638 0.0744189 0.0744189 0.0882601 
0.102101 0.107638 0.121479 0.118711 0.129784 0.127016 0.127016 0.121479 0.0993331 0.0993331 0.102101 0.0993331 0.0910284 0.0827237 0.0827237 0.0910284 0.0799554 0.0716507 0.0688824 0.063346 0.0578095 0.0605777 0.0605777 0.0578095 0.0578095 0.063346 0.063346 0.0688824 0.0965649 0.157466 0.140857 0.0771872 0.0578095 0.0605777 0.0716507 
0.10487 0.115943 0.113174 0.118711 0.129784 0.127016 0.118711 0.110406 0.102101 0.0854919 0.0882601 0.0937966 0.0937966 0.0882601 0.0854919 0.0827237 0.0744189 0.0854919 0.0993331 0.0993331 0.0827237 0.0716507 0.063346 0.0688824 0.0661142 0.0965649 0.124247 0.115943 0.113174 0.0993331 0.0688824 0.0605777 0.063346 0.063346 0.0605777 
0.0993331 0.102101 0.0965649 0.110406 0.127016 0.124247 0.118711 0.0771872 0.0827237 0.0744189 0.0827237 0.0882601 0.0993331 0.115943 0.110406 0.102101 0.0771872 0.0771872 0.0965649 0.107638 0.115943 0.115943 0.113174 0.0910284 0.0688824 0.102101 0.143625 0.124247 0.0827237 0.0578095 0.0605777 0.063346 0.0605777 0.0688824 0.0716507 
0.0993331 0.0993331 0.0910284 0.0882601 0.124247 0.127016 0.124247 0.110406 0.110406 0.0937966 0.0771872 0.0827237 0.0937966 0.129784 0.10487 0.0799554 0.0716507 0.0827237 0.102101 0.0854919 0.10487 0.102101 0.0937966 0.0771872 0.0716507 0.0771872 0.0827237 0.0688824 0.0578095 0.0605777 0.0605777 0.0578095 0.0605777 0.0716507 0.0771872 
0.0882601 0.0910284 0.0993331 0.10487 0.129784 0.124247 0.129784 0.146393 0.113174 0.118711 0.0937966 0.0771872 0.0937966 0.102101 0.0882601 0.0688824 0.0661142 0.0799554 0.0937966 0.0827237 0.110406 0.0910284 0.0688824 0.0688824 0.0688824 0.0605777 0.0550412 0.0605777 0.0661142 0.0661142 0.0605777 0.063346 0.0605777 0.0688824 0.0661142 
0.0882601 0.0827237 0.0910284 0.0937966 0.107638 0.113174 0.132552 0.15193 0.127016 0.102101 0.0965649 0.0744189 0.0882601 0.110406 0.10487 0.063346 0.063346 0.0688824 0.0771872 0.0771872 0.0965649 0.0688824 0.0716507 0.118711 0.0910284 0.063346 0.063346 0.063346 0.0688824 0.0661142 0.0605777 0.0661142 0.063346 0.0605777 0.0578095 
0.0965649 0.102101 0.107638 0.110406 0.102101 0.107638 0.127016 0.140857 0.129784 0.115943 0.10487 0.0854919 0.0827237 0.0882601 0.102101 0.113174 0.0827237 0.0661142 0.0771872 0.0688824 0.0688824 0.0882601 0.102101 0.115943 0.107638 0.0605777 0.0661142 0.063346 0.0661142 0.063346 0.063346 0.0605777 0.063346 0.063346 0.063346 
0.107638 0.118711 0.121479 0.121479 0.115943 0.113174 0.121479 0.124247 0.124247 0.118711 0.102101 0.0854919 0.0854919 0.0827237 0.0688824 0.0716507 0.0661142 0.0688824 0.0688824 0.0661142 0.0716507 0.0716507 0.0716507 0.0799554 0.0771872 0.063346 0.063346 0.0605777 0.0605777 0.0661142 0.063346 0.0578095 0.0605777 0.0605777 0.063346 
0.10487 0.124247 0.143625 0.132552 0.113174 0.10487 0.115943 0.121479 0.127016 0.132552 0.113174 0.0854919 0.0799554 0.0799554 0.0688824 0.063346 0.0661142 0.063346 0.0605777 0.0605777 0.063346 0.0661142 0.0688824 0.0661142 0.0605777 0.0605777 0.063346 0.063346 0.0661142 0.0661142 0.0661142 0.063346 0.063346 0.063346 0.0688824 
0.0993331 0.113174 0.124247 0.10487 0.10487 0.10487 0.113174 0.118711 0.124247 0.10487 0.0993331 0.0910284 0.0799554 0.0688824 0.063346 0.063346 0.063346 0.0578095 0.0578095 0.063346 0.0688824 0.0716507 0.0716507 0.0661142 0.063346 0.0605777 0.0605777 0.0605777 0.063346 0.0661142 0.063346 0.063346 0.0661142 0.0688824 0.0716507 
0.102101 0.113174 0.127016 0.0910284 0.129784 0.129784 0.124247 0.132552 0.129784 0.110406 0.0882601 0.0799554 0.0744189 0.0688824 0.0661142 0.0688824 0.063346 0.063346 0.063346 0.0661142 0.0688824 0.0661142 0.0578095 0.0605777 0.0661142 0.063346 0.063346 0.0661142 0.0661142 0.0661142 0.0661142 0.063346 0.0661142 0.0744189 0.0744189 
0.115943 0.121479 0.118711 0.10487 0.0910284 0.140857 0.140857 0.140857 0.118711 0.107638 0.0910284 0.0771872 0.0688824 0.0688824 0.063346 0.0661142 0.0661142 0.0661142 0.0661142 0.0661142 0.0661142 0.0578095 0.0578095 0.063346 0.0744189 0.0827237 0.0771872 0.0688824 0.0716507 0.0661142 0.0661142 0.063346 0.063346 0.063346 0.0688824 
0.132552 0.140857 0.127016 0.121479 0.113174 0.129784 0.15193 0.132552 0.124247 0.115943 0.0965649 0.0716507 0.0688824 0.0661142 0.063346 0.0661142 0.0661142 0.0688824 0.0716507 0.0688824 0.0605777 0.0578095 0.063346 0.0799554 0.102101 0.110406 0.10487 0.0910284 0.0744189 0.063346 0.0661142 0.0605777 0.063346 0.063346 0.0661142 
0.121479 0.115943 0.102101 0.0937966 0.110406 0.13532 0.149161 0.154698 0.129784 0.10487 0.0882601 0.0661142 0.0661142 0.0661142 0.0688824 0.0716507 0.0661142 0.0661142 0.0688824 0.0661142 0.0605777 0.0716507 0.0910284 0.107638 0.107638 0.0965649 0.0854919 0.0854919 0.0910284 0.0910284 0.0827237 0.0771872 0.0744189 0.063346 0.0661142 
0.102101 0.0965649 0.0965649 0.102101 0.121479 0.143625 0.146393 0.149161 0.146393 0.132552 0.0854919 0.0661142 0.063346 0.0661142 0.0716507 0.0744189 0.0716507 0.0688824 0.0661142 0.0661142 0.0771872 0.0937966 0.0965649 0.0937966 0.0910284 0.0854919 0.0854919 0.0854919 0.0854919 0.0799554 0.0827237 0.0854919 0.0882601 0.0799554 0.0716507 
0.0771872 0.0937966 0.113174 0.127016 0.143625 0.154698 0.143625 0.138089 0.138089 0.127016 0.113174 0.0771872 0.0688824 0.0688824 0.0799554 0.0854919 0.0799554 0.0744189 0.0661142 0.0688824 0.0854919 0.0965649 0.0910284 0.0854919 0.0827237 0.0827237 0.0827237 0.0827237 0.0799554 0.0771872 0.0771872 0.0771872 0.0771872 0.0827237 0.0910284 
0.0965649 0.0993331 0.121479 0.143625 0.154698 0.154698 0.140857 0.121479 0.115943 0.107638 0.102101 0.10487 0.0965649 0.0771872 0.0771872 0.0716507 0.0716507 0.0744189 0.0661142 0.0771872 0.0937966 0.102101 0.0993331 0.0882601 0.0827237 0.0771872 0.0799554 0.0771872 0.0744189 0.0771872 0.0771872 0.0744189 0.0744189 0.0744189 0.0744189 
0.124247 0.107638 0.113174 0.13532 0.15193 0.154698 0.154698 0.129784 0.115943 0.102101 0.0882601 0.102101 0.0965649 0.0882601 0.0716507 0.0661142 0.0661142 0.0744189 0.0716507 0.0827237 0.0937966 0.0993331 0.0965649 0.0882601 0.0799554 0.0744189 0.0744189 0.0744189 0.0716507 0.0716507 0.0744189 0.0716507 0.0716507 0.0716507 0.0744189 
0.118711 0.113174 0.0993331 0.124247 0.149161 0.15193 0.13532 0.118711 0.121479 0.110406 0.0854919 0.0854919 0.0799554 0.0716507 0.0688824 0.0688824 0.0661142 0.0661142 0.0744189 0.0854919 0.0965649 0.102101 0.0910284 0.0827237 0.0771872 0.0716507 0.0716507 0.0744189 0.0744189 0.0716507 0.0716507 0.0744189 0.0744189 0.0716507 0.0688824 
0.110406 0.113174 0.0937966 0.121479 0.138089 0.149161 0.13532 0.113174 0.107638 0.10487 0.0965649 0.0799554 0.0716507 0.0688824 0.0661142 0.0716507 0.0661142 0.0661142 0.0716507 0.0716507 0.0882601 0.0937966 0.0799554 0.0744189 0.0716507 0.0661142 0.0688824 0.0771872 0.0716507 0.0688824 0.0661142 0.0744189 0.0882601 0.0854919 0.0882601 
0.0827237 0.0937966 0.0937966 0.121479 0.132552 0.13532 0.140857 0.129784 0.113174 0.0993331 0.0910284 0.0771872 0.0744189 0.0716507 0.0661142 0.0688824 0.0661142 0.0605777 0.0605777 0.0771872 0.0799554 0.0771872 0.0688824 0.063346 0.0661142 0.0688824 0.0688824 0.0661142 0.063346 0.063346 0.0661142 0.0854919 0.10487 0.113174 0.129784 
0.0771872 0.0910284 0.0910284 0.113174 0.132552 0.13532 0.129784 0.13532 0.129784 0.115943 0.0993331 0.0910284 0.0854919 0.0827237 0.0744189 0.0661142 0.0661142 0.0688824 0.0661142 0.0688824 0.0771872 0.0744189 0.0744189 0.0744189 0.0688824 0.0688824 0.0661142 0.0605777 0.0550412 0.0605777 0.0661142 0.0688824 0.0910284 0.118711 0.124247 
0.0661142 0.0854919 0.0910284 0.102101 0.124247 0.13532 0.121479 0.118711 0.121479 0.118711 0.124247 0.121479 0.10487 0.0993331 0.0854919 0.0688824 0.063346 0.0661142 0.0688824 0.0688824 0.0716507 0.0716507 0.0910284 0.0910284 0.0854919 0.0744189 0.0605777 0.0578095 0.0578095 0.0550412 0.063346 0.0688824 0.0882601 0.107638 0.0993331 
0.0827237 0.0910284 0.107638 0.107638 0.110406 0.107638 0.0937966 0.0882601 0.0882601 0.0993331 0.127016 0.129784 0.107638 0.0965649 0.0882601 0.0716507 0.0661142 0.0661142 0.0688824 0.0716507 0.0827237 0.0965649 0.102101 0.110406 0.0937966 0.0716507 0.063346 0.0605777 0.0605777 0.0605777 0.0578095 0.063346 0.0688824 0.0882601 0.0882601 
0.0910284 0.0910284 0.121479 0.127016 0.10487 0.0799554 0.0771872 0.0799554 0.0771872 0.0854919 0.107638 0.115943 0.0965649 0.0799554 0.0799554 0.0716507 0.063346 0.0661142 0.0744189 0.0882601 0.107638 0.113174 0.118711 0.129784 0.107638 0.0716507 0.063346 0.063346 0.0605777 0.0605777 0.0605777 0.0605777 0.063346 0.0799554 0.0965649 
0.0993331 0.0937966 0.129784 0.143625 0.124247 0.0882601 0.0771872 0.0827237 0.0799554 0.0854919 0.0827237 0.0827237 0.0744189 0.0688824 0.0744189 0.0744189 0.0605777 0.0771872 0.0854919 0.0854919 0.0937966 0.107638 0.113174 0.132552 0.124247 0.0771872 0.063346 0.0661142 0.063346 0.0578095 0.0605777 0.0605777 0.0605777 0.0661142 0.0937966 
0.0993331 0.113174 0.140857 0.15193 0.146393 0.0965649 0.0771872 0.0771872 0.0827237 0.0937966 0.0882601 0.0854919 0.0771872 0.0771872 0.0771872 0.0771872 0.0661142 0.063346 0.0744189 0.0799554 0.0799554 0.0910284 0.0937966 0.113174 0.129784 0.0910284 0.063346 0.0661142 0.0661142 0.0605777 0.0605777 0.0605777 0.063346 0.0605777 0.0744189 
0.118711 0.132552 0.146393 0.149161 0.143625 0.127016 0.0827237 0.0744189 0.0937966 0.10487 0.102101 0.10487 0.0854919 0.0771872 0.0799554 0.0771872 0.0771872 0.063346 0.0688824 0.0771872 0.0771872 0.0771872 0.0854919 0.0965649 0.110406 0.113174 0.0854919 0.0910284 0.0688824 0.0661142 0.0578095 0.0605777 0.0661142 0.063346 0.0578095 
0.140857 0.140857 0.140857 0.140857 0.140857 0.138089 0.118711 0.10487 0.110406 0.102101 0.0910284 0.0882601 0.0854919 0.0827237 0.0799554 0.0771872 0.0799554 0.0661142 0.0688824 0.0744189 0.0771872 0.0771872 0.0854919 0.0993331 0.113174 0.0993331 0.0937966 0.0910284 0.0716507 0.0661142 0.0661142 0.0605777 0.0605777 0.0578095 0.0578095 
