reflectance-4
0.187818 0.177435 0.187818 0.222424 0.232806 0.229346 0.222424 0.232806 0.229346 0.212042 0.208582 0.218964 0.246649 0.243189 0.212042 0.208582 0.212042 0.229346 0.232806 0.222424 0.229346 0.212042 0.215503 0.1982 0.20166 0.225885 0.222424 0.229346 0.239728 0.229346 0.232806 0.257031 0.270874 0.257031 0.246649 
0.1982 0.208582 0.208582 0.239728 0.239728 0.232806 0.205121 0.215503 0.218964 0.208582 0.215503 0.218964 0.222424 0.239728 0.222424 0.208582 0.215503 0.222424 0.212042 0.208582 0.232806 0.212042 0.218964 0.208582 0.205121 0.229346 0.232806 0.239728 0.229346 0.215503 0.225885 0.253571 0.232806 0.212042 0.208582 
0.205121 0.212042 0.208582 0.229346 0.253571 0.243189 0.229346 0.222424 0.215503 0.215503 0.208582 0.222424 0.222424 0.225885 0.229346 0.222424 0.243189 0.222424 0.208582 0.222424 0.236267 0.222424 0.205121 0.215503 0.191278 0.194739 0.218964 0.232806 0.212042 0.222424 0.229346 0.229346 0.239728 0.218964 0.205121 
0.208582 0.215503 0.222424 0.243189 0.236267 0.173975 0.170514 0.215503 0.215503 0.218964 0.218964 0.205121 0.212042 0.208582 0.222424 0.236267 0.25011 0.229346 0.215503 0.225885 0.232806 0.229346 0.208582 0.1982 0.194739 0.20166 0.215503 0.225885 0.215503 0.225885 0.232806 0.236267 0.260492 0.25011 0.215503 
0.215503 0.212042 0.222424 0.20166 0.146289 0.115143 0.139368 0.20166 0.208582 0.191278 0.20166 0.215503 0.208582 0.20166 0.215503 0.229346 0.232806 0.243189 0.243189 0.232806 0.229346 0.229346 0.208582 0.191278 0.20166 0.208582 0.222424 0.236267 0.225885 0.222424 0.239728 0.243189 0.246649 0.225885 0.212042 
0.215503 0.215503 0.212042 0.20166 0.20166 0.1982 0.191278 0.208582 0.208582 0.20166 0.20166 0.20166 0.1982 0.194739 0.205121 0.212042 0.222424 0.243189 0.260492 0.260492 0.246649 0.222424 0.191278 0.191278 0.222424 0.257031 0.243189 0.232806 0.243189 0.222424 0.215503 0.236267 0.257031 0.243189 0.218964 
0.225885 0.229346 0.215503 0.215503 0.232806 0.239728 0.236267 0.225885 0.205121 0.194739 0.187818 0.194739 0.194739 0.194739 0.20166 0.205121 0.20166 0.212042 0.232806 0.25011 0.253571 0.218964 0.1982 0.222424 0.218964 0.215503 0.215503 0.222424 0.253571 0.270874 0.253571 0.239728 0.243189 0.243189 0.215503 
0.229346 0.243189 0.215503 0.194739 0.194739 0.205121 0.239728 0.239728 0.205121 0.20166 0.1982 0.1982 0.1982 0.1982 0.208582 0.208582 0.205121 0.218964 0.232806 0.239728 0.243189 0.236267 0.218964 0.218964 0.205121 0.218964 0.232806 0.232806 0.25011 0.25011 0.222424 0.205121 0.208582 0.212042 0.208582 
0.218964 0.229346 0.1982 0.1982 0.184357 0.194739 0.225885 0.253571 0.232806 0.205121 0.205121 0.208582 0.205121 0.212042 0.225885 0.205121 0.1982 0.208582 0.218964 0.222424 0.218964 0.225885 0.222424 0.208582 0.208582 0.243189 0.267413 0.239728 0.225885 0.215503 0.205121 0.205121 0.215503 0.215503 0.212042 
0.212042 0.218964 0.225885 0.20166 0.1982 0.20166 0.218964 0.25011 0.239728 0.208582 0.205121 0.215503 0.215503 0.236267 0.225885 0.212042 0.212042 0.218964 0.212042 0.20166 0.208582 0.215503 0.232806 0.229346 0.222424 0.25011 0.253571 0.225885 0.205121 0.212042 0.208582 0.205121 0.218964 0.215503 0.212042 
0.225885 0.236267 0.239728 0.212042 0.215503 0.215503 0.229346 0.218964 0.208582 0.229346 0.229346 0.218964 0.222424 0.222424 0.212042 0.212042 0.229346 0.215503 0.208582 0.1982 0.208582 0.212042 0.236267 0.232806 0.218964 0.222424 0.208582 0.208582 0.194739 0.191278 0.20166 0.205121 0.205121 0.1982 0.20166 
0.218964 0.225885 0.236267 0.225885 0.218964 0.218964 0.239728 0.239728 0.222424 0.222424 0.222424 0.218964 0.232806 0.232806 0.222424 0.205121 0.218964 0.232806 0.208582 0.208582 0.222424 0.1982 0.205121 0.232806 0.212042 0.187818 0.20166 0.1982 0.187818 0.191278 0.208582 0.1982 0.194739 0.1982 0.212042 
0.215503 0.215503 0.208582 0.222424 0.222424 0.208582 0.225885 0.232806 0.229346 0.225885 0.215503 0.208582 0.215503 0.225885 0.229346 0.222424 0.20166 0.208582 0.205121 0.208582 0.229346 0.20166 0.205121 0.215503 0.222424 0.191278 0.20166 0.187818 0.184357 0.205121 0.215503 0.191278 0.194739 0.205121 0.205121 
0.208582 0.205121 0.1982 0.215503 0.232806 0.212042 0.208582 0.222424 0.232806 0.225885 0.208582 0.1982 0.194739 0.20166 0.222424 0.215503 0.194739 0.205121 0.20166 0.1982 0.205121 0.225885 0.243189 0.229346 0.208582 0.208582 0.212042 0.194739 0.187818 0.208582 0.218964 0.1982 0.20166 0.20166 0.218964 
0.212042 0.184357 0.212042 0.225885 0.236267 0.218964 0.208582 0.208582 0.215503 0.215503 0.205121 0.194739 0.194739 0.191278 0.20166 0.215503 0.208582 0.205121 0.1982 0.187818 0.194739 0.1982 0.20166 0.20166 0.205121 0.222424 0.229346 0.222424 0.212042 0.205121 0.208582 0.212042 0.208582 0.205121 0.212042 
0.225885 0.232806 0.215503 0.243189 0.246649 0.218964 0.218964 0.208582 0.218964 0.212042 0.1982 0.194739 0.191278 0.194739 0.212042 0.1982 0.1982 0.205121 0.20166 0.1982 0.194739 0.184357 0.184357 0.194739 0.205121 0.218964 0.222424 0.215503 0.205121 0.194739 0.205121 0.218964 0.218964 0.208582 0.20166 
0.236267 0.243189 0.20166 0.260492 0.246649 0.222424 0.222424 0.239728 0.218964 0.20166 0.187818 0.187818 0.194739 0.184357 0.187818 0.184357 0.1982 0.20166 0.1982 0.20166 0.177435 0.180896 0.184357 0.208582 0.212042 0.205121 0.208582 0.20166 0.208582 0.20166 0.208582 0.212042 0.222424 0.218964 0.20166 
0.236267 0.236267 0.215503 0.225885 0.25011 0.232806 0.232806 0.232806 0.212042 0.20166 0.187818 0.177435 0.184357 0.180896 0.194739 0.205121 0.194739 0.194739 0.191278 0.187818 0.173975 0.173975 0.208582 0.208582 0.215503 0.20166 0.20166 0.1982 0.1982 0.20166 0.212042 0.212042 0.229346 0.236267 0.229346 
0.246649 0.243189 0.239728 0.243189 0.243189 0.243189 0.236267 0.229346 0.222424 0.205121 0.184357 0.177435 0.177435 0.191278 0.205121 0.194739 0.191278 0.191278 0.187818 0.180896 0.177435 0.1982 0.215503 0.215503 0.212042 0.212042 0.212042 0.20166 0.205121 0.208582 0.215503 0.212042 0.222424 0.218964 0.225885 
0.232806 0.239728 0.253571 0.246649 0.236267 0.246649 0.25011 0.236267 0.215503 0.1982 0.187818 0.180896 0.180896 0.194739 0.20166 0.1982 0.194739 0.187818 0.184357 0.177435 0.184357 0.205121 0.212042 0.218964 0.212042 0.208582 0.205121 0.187818 0.194739 0.20166 0.205121 0.208582 0.208582 0.215503 0.215503 
0.1982 0.208582 0.229346 0.229346 0.229346 0.246649 0.246649 0.243189 0.236267 0.218964 0.191278 0.187818 0.194739 0.20166 0.1982 0.187818 0.187818 0.187818 0.184357 0.187818 0.194739 0.1982 0.194739 0.20166 0.208582 0.20166 0.194739 0.184357 0.180896 0.187818 0.1982 0.1982 0.1982 0.205121 0.212042 
0.135907 0.170514 0.208582 0.222424 0.229346 0.239728 0.239728 0.236267 0.229346 0.218964 0.205121 0.194739 0.194739 0.1982 0.208582 0.1982 0.191278 0.184357 0.177435 0.191278 0.1982 0.194739 0.191278 0.1982 0.20166 0.191278 0.177435 0.180896 0.187818 0.180896 0.177435 0.180896 0.184357 0.191278 0.20166 
0.194739 0.20166 0.215503 0.229346 0.232806 0.236267 0.236267 0.232806 0.225885 0.208582 0.205121 0.205121 0.1982 0.194739 0.208582 0.1982 0.191278 0.187818 0.184357 0.20166 0.205121 0.191278 0.191278 0.1982 0.1982 0.187818 0.191278 0.187818 0.173975 0.170514 0.170514 0.177435 0.184357 0.180896 0.177435 
0.225885 0.218964 0.222424 0.225885 0.236267 0.236267 0.239728 0.229346 0.225885 0.212042 0.208582 0.20166 0.184357 0.191278 0.20166 0.194739 0.184357 0.194739 0.20166 0.205121 0.20166 0.187818 0.187818 0.194739 0.191278 0.187818 0.184357 0.180896 0.173975 0.167053 0.167053 0.177435 0.180896 0.180896 0.184357 
0.239728 0.218964 0.20166 0.218964 0.243189 0.239728 0.229346 0.215503 0.218964 0.218964 0.212042 0.205121 0.194739 0.1982 0.1982 0.1982 0.173975 0.191278 0.212042 0.205121 0.205121 0.191278 0.187818 0.191278 0.184357 0.187818 0.194739 0.187818 0.177435 0.167053 0.177435 0.180896 0.180896 0.177435 0.187818 
0.215503 0.208582 0.194739 0.222424 0.243189 0.25011 0.246649 0.225885 0.218964 0.218964 0.208582 0.218964 0.229346 0.215503 0.20166 0.1982 0.1982 0.191278 0.194739 0.187818 0.194739 0.180896 0.191278 0.1982 0.187818 0.187818 0.187818 0.187818 0.173975 0.173975 0.187818 0.191278 0.184357 0.194739 0.205121 
0.142829 0.1982 0.205121 0.225885 0.236267 0.246649 0.25011 0.232806 0.229346 0.225885 0.212042 0.208582 0.208582 0.205121 0.20166 0.205121 0.212042 0.215503 0.1982 0.191278 0.191278 0.180896 0.20166 0.215503 0.1982 0.184357 0.177435 0.170514 0.173975 0.180896 0.184357 0.194739 0.184357 0.215503 0.239728 
0.115143 0.191278 0.208582 0.225885 0.246649 0.246649 0.246649 0.246649 0.25011 0.243189 0.232806 0.215503 0.212042 0.205121 0.20166 0.205121 0.205121 0.212042 0.194739 0.20166 0.194739 0.194739 0.1982 0.205121 0.187818 0.184357 0.180896 0.173975 0.184357 0.180896 0.180896 0.1982 0.191278 0.218964 0.229346 
0.0736149 0.160132 0.20166 0.225885 0.239728 0.239728 0.229346 0.236267 0.239728 0.257031 0.267413 0.243189 0.218964 0.205121 0.194739 0.1982 0.205121 0.208582 0.20166 0.208582 0.212042 0.1982 0.1982 0.205121 0.194739 0.184357 0.173975 0.180896 0.187818 0.180896 0.187818 0.194739 0.20166 0.212042 0.194739 
0.1013 0.167053 0.212042 0.225885 0.225885 0.222424 0.208582 0.208582 0.208582 0.229346 0.270874 0.25011 0.208582 0.20166 0.194739 0.1982 0.208582 0.215503 0.208582 0.20166 0.205121 0.208582 0.212042 0.222424 0.1982 0.177435 0.177435 0.180896 0.180896 0.184357 0.191278 0.194739 0.1982 0.1982 0.180896 
0.212042 0.229346 0.243189 0.246649 0.218964 0.212042 0.212042 0.1982 0.1982 0.205121 0.239728 0.243189 0.20166 0.20166 0.20166 0.1982 0.208582 0.205121 0.1982 0.1982 0.218964 0.218964 0.229346 0.236267 0.218964 0.205121 0.180896 0.180896 0.184357 0.187818 0.194739 0.194739 0.191278 0.1982 0.191278 
0.239728 0.274335 0.267413 0.267413 0.253571 0.229346 0.239728 0.222424 0.212042 0.208582 0.208582 0.212042 0.208582 0.1982 0.20166 0.20166 0.20166 0.187818 0.191278 0.1982 0.212042 0.222424 0.229346 0.239728 0.232806 0.212042 0.20166 0.194739 0.1982 0.187818 0.187818 0.187818 0.184357 0.191278 0.208582 
0.253571 0.257031 0.270874 0.263953 0.263953 0.25011 0.212042 0.212042 0.212042 0.212042 0.215503 0.218964 0.1982 0.187818 0.194739 0.1982 0.187818 0.1982 0.187818 0.20166 0.212042 0.215503 0.212042 0.215503 0.229346 0.218964 0.218964 0.1982 0.205121 0.184357 0.180896 0.184357 0.180896 0.180896 0.205121 
0.246649 0.239728 0.257031 0.253571 0.263953 0.253571 0.218964 0.208582 0.212042 0.208582 0.205121 0.20166 0.187818 0.184357 0.184357 0.191278 0.194739 0.194739 0.194739 0.1982 0.208582 0.208582 0.20166 0.194739 0.222424 0.222424 0.215503 0.205121 0.191278 0.1982 0.184357 0.177435 0.180896 0.173975 0.180896 
0.253571 0.260492 0.263953 0.25011 0.246649 0.257031 0.236267 0.215503 0.212042 0.20166 0.1982 0.191278 0.184357 0.180896 0.177435 0.184357 0.191278 0.20166 0.208582 0.20166 0.212042 0.212042 0.205121 0.205121 0.222424 0.205121 0.205121 0.1982 0.180896 0.194739 0.191278 0.191278 0.187818 0.180896 0.170514 
