reflectance-5
0.311781 0.291728 0.282815 0.276131 0.247165 0.222655 0.191461 0.32515 0.320693 0.233796 0.211515 0.238252 0.30064 0.302868 0.222655 0.202602 0.187005 0.124617 0.13353 0.173636 0.151355 0.14467 0.178092 0.218199 0.155811 0.129073 0.146898 0.213743 0.233796 0.153583 0.189233 0.182549 0.162495 0.164724 0.187005 
0.298412 0.296184 0.278359 0.26499 0.26499 0.231568 0.198146 0.262762 0.276131 0.180321 0.20483 0.251621 0.262762 0.262762 0.244937 0.207058 0.155811 0.131301 0.142442 0.158039 0.13353 0.140214 0.164724 0.195918 0.158039 0.13353 0.164724 0.238252 0.182549 0.142442 0.153583 0.16918 0.184777 0.191461 0.191461 
0.307325 0.307325 0.287271 0.280587 0.253849 0.233796 0.209286 0.249393 0.26499 0.200374 0.198146 0.22934 0.211515 0.195918 0.224883 0.195918 0.151355 0.155811 0.14467 0.142442 0.126845 0.142442 0.160267 0.175864 0.182549 0.135758 0.158039 0.213743 0.193689 0.142442 0.140214 0.173636 0.233796 0.22934 0.191461 
0.291728 0.311781 0.302868 0.289499 0.202602 0.182549 0.222655 0.244937 0.291728 0.253849 0.209286 0.213743 0.215971 0.209286 0.195918 0.180321 0.171408 0.187005 0.153583 0.126845 0.120161 0.129073 0.149127 0.180321 0.180321 0.142442 0.158039 0.182549 0.16918 0.13353 0.149127 0.200374 0.273902 0.271674 0.200374 
0.296184 0.298412 0.296184 0.26499 0.173636 0.093423 0.155811 0.207058 0.233796 0.260534 0.247165 0.244937 0.220427 0.213743 0.195918 0.158039 0.140214 0.160267 0.158039 0.13353 0.115704 0.153583 0.180321 0.171408 0.160267 0.153583 0.158039 0.155811 0.158039 0.146898 0.184777 0.220427 0.244937 0.231568 0.198146 
0.271674 0.285043 0.285043 0.260534 0.227111 0.195918 0.253849 0.251621 0.244937 0.271674 0.267218 0.258305 0.236024 0.193689 0.22934 0.236024 0.184777 0.137986 0.140214 0.131301 0.120161 0.158039 0.153583 0.149127 0.151355 0.153583 0.151355 0.151355 0.171408 0.191461 0.209286 0.184777 0.153583 0.164724 0.184777 
0.287271 0.30064 0.302868 0.287271 0.296184 0.278359 0.287271 0.26499 0.231568 0.244937 0.260534 0.253849 0.238252 0.207058 0.175864 0.207058 0.189233 0.164724 0.173636 0.14467 0.122389 0.126845 0.120161 0.129073 0.14467 0.155811 0.166952 0.153583 0.207058 0.282815 0.218199 0.151355 0.135758 0.146898 0.153583 
0.282815 0.287271 0.278359 0.280587 0.316237 0.318465 0.280587 0.238252 0.202602 0.198146 0.227111 0.244937 0.244937 0.236024 0.198146 0.218199 0.180321 0.191461 0.244937 0.260534 0.231568 0.209286 0.187005 0.180321 0.158039 0.178092 0.220427 0.195918 0.213743 0.184777 0.158039 0.129073 0.13353 0.142442 0.137986 
0.282815 0.269446 0.233796 0.260534 0.320693 0.316237 0.289499 0.220427 0.182549 0.187005 0.195918 0.236024 0.251621 0.271674 0.273902 0.242708 0.182549 0.189233 0.207058 0.238252 0.278359 0.267218 0.262762 0.220427 0.164724 0.193689 0.238252 0.213743 0.140214 0.126845 0.124617 0.129073 0.137986 0.164724 0.187005 
0.280587 0.251621 0.220427 0.22934 0.302868 0.322922 0.318465 0.293956 0.236024 0.20483 0.191461 0.202602 0.233796 0.267218 0.253849 0.207058 0.173636 0.187005 0.211515 0.211515 0.249393 0.273902 0.22934 0.180321 0.155811 0.146898 0.151355 0.142442 0.129073 0.131301 0.135758 0.135758 0.142442 0.16918 0.178092 
0.218199 0.218199 0.22934 0.244937 0.291728 0.285043 0.316237 0.345203 0.291728 0.238252 0.198146 0.191461 0.215971 0.238252 0.213743 0.160267 0.155811 0.187005 0.193689 0.215971 0.262762 0.22934 0.16918 0.171408 0.166952 0.135758 0.135758 0.137986 0.14467 0.142442 0.137986 0.13353 0.14467 0.153583 0.146898 
0.215971 0.213743 0.247165 0.244937 0.26499 0.278359 0.334062 0.358572 0.309553 0.249393 0.218199 0.191461 0.198146 0.22934 0.195918 0.160267 0.151355 0.160267 0.173636 0.175864 0.191461 0.171408 0.173636 0.224883 0.191461 0.140214 0.142442 0.146898 0.149127 0.14467 0.137986 0.135758 0.135758 0.142442 0.14467 
0.260534 0.269446 0.278359 0.269446 0.213743 0.242708 0.314009 0.329606 0.311781 0.262762 0.236024 0.207058 0.200374 0.215971 0.200374 0.193689 0.153583 0.153583 0.155811 0.131301 0.160267 0.173636 0.195918 0.236024 0.191461 0.137986 0.131301 0.140214 0.135758 0.14467 0.142442 0.13353 0.124617 0.137986 0.151355 
0.280587 0.318465 0.318465 0.314009 0.282815 0.26499 0.307325 0.322922 0.309553 0.305096 0.244937 0.213743 0.20483 0.200374 0.164724 0.173636 0.142442 0.137986 0.155811 0.142442 0.146898 0.151355 0.173636 0.178092 0.166952 0.137986 0.13353 0.129073 0.126845 0.14467 0.137986 0.126845 0.126845 0.13353 0.155811 
0.285043 0.329606 0.347431 0.334062 0.307325 0.262762 0.291728 0.327378 0.314009 0.316237 0.26499 0.215971 0.200374 0.187005 0.14467 0.14467 0.146898 0.146898 0.131301 0.124617 0.131301 0.142442 0.146898 0.137986 0.13353 0.135758 0.131301 0.126845 0.13353 0.14467 0.135758 0.131301 0.117933 0.135758 0.160267 
0.247165 0.276131 0.334062 0.273902 0.244937 0.269446 0.285043 0.302868 0.307325 0.287271 0.256077 0.222655 0.193689 0.16918 0.142442 0.14467 0.142442 0.129073 0.129073 0.135758 0.14467 0.160267 0.153583 0.14467 0.140214 0.135758 0.137986 0.13353 0.140214 0.146898 0.142442 0.137986 0.149127 0.175864 0.187005 
0.251621 0.285043 0.327378 0.238252 0.309553 0.32515 0.314009 0.331834 0.314009 0.267218 0.209286 0.182549 0.184777 0.158039 0.137986 0.142442 0.135758 0.13353 0.135758 0.149127 0.155811 0.146898 0.14467 0.137986 0.137986 0.140214 0.137986 0.137986 0.151355 0.149127 0.142442 0.146898 0.155811 0.182549 0.195918 
0.309553 0.327378 0.32515 0.256077 0.233796 0.342975 0.345203 0.322922 0.30064 0.287271 0.227111 0.184777 0.178092 0.155811 0.142442 0.151355 0.149127 0.146898 0.14467 0.155811 0.146898 0.129073 0.13353 0.142442 0.164724 0.187005 0.189233 0.160267 0.153583 0.149127 0.14467 0.151355 0.149127 0.158039 0.175864 
0.345203 0.329606 0.318465 0.267218 0.247165 0.316237 0.354116 0.309553 0.291728 0.298412 0.22934 0.162495 0.149127 0.140214 0.149127 0.162495 0.158039 0.160267 0.160267 0.153583 0.13353 0.129073 0.149127 0.198146 0.247165 0.26499 0.233796 0.200374 0.175864 0.158039 0.146898 0.146898 0.149127 0.146898 0.158039 
0.331834 0.298412 0.262762 0.247165 0.269446 0.296184 0.356344 0.356344 0.314009 0.280587 0.222655 0.158039 0.14467 0.146898 0.162495 0.16918 0.166952 0.166952 0.153583 0.146898 0.137986 0.171408 0.209286 0.26499 0.26499 0.231568 0.207058 0.207058 0.20483 0.193689 0.16918 0.166952 0.160267 0.151355 0.155811 
0.218199 0.200374 0.22934 0.238252 0.302868 0.354116 0.356344 0.356344 0.351887 0.327378 0.184777 0.162495 0.140214 0.151355 0.175864 0.193689 0.180321 0.164724 0.158039 0.149127 0.184777 0.218199 0.24048 0.233796 0.220427 0.20483 0.202602 0.209286 0.213743 0.213743 0.209286 0.222655 0.222655 0.195918 0.195918 
0.158039 0.180321 0.278359 0.307325 0.351887 0.371941 0.342975 0.316237 0.329606 0.311781 0.273902 0.182549 0.153583 0.160267 0.191461 0.207058 0.187005 0.162495 0.14467 0.164724 0.222655 0.238252 0.220427 0.195918 0.202602 0.189233 0.198146 0.207058 0.198146 0.184777 0.193689 0.195918 0.198146 0.209286 0.222655 
0.224883 0.253849 0.282815 0.33629 0.369713 0.369713 0.354116 0.30064 0.30064 0.276131 0.251621 0.267218 0.233796 0.20483 0.189233 0.171408 0.162495 0.171408 0.160267 0.178092 0.238252 0.253849 0.233796 0.207058 0.193689 0.184777 0.187005 0.184777 0.178092 0.178092 0.182549 0.184777 0.191461 0.195918 0.195918 
0.287271 0.26499 0.262762 0.305096 0.356344 0.369713 0.363028 0.318465 0.276131 0.244937 0.193689 0.242708 0.231568 0.193689 0.16918 0.162495 0.160267 0.162495 0.182549 0.20483 0.249393 0.267218 0.247165 0.220427 0.195918 0.180321 0.180321 0.178092 0.175864 0.178092 0.173636 0.175864 0.189233 0.191461 0.182549 
0.285043 0.271674 0.260534 0.30064 0.356344 0.356344 0.327378 0.296184 0.291728 0.282815 0.24048 0.211515 0.193689 0.164724 0.153583 0.153583 0.153583 0.151355 0.175864 0.195918 0.238252 0.267218 0.233796 0.211515 0.193689 0.164724 0.171408 0.187005 0.184777 0.173636 0.16918 0.182549 0.191461 0.193689 0.189233 
0.24048 0.256077 0.24048 0.305096 0.331834 0.347431 0.322922 0.276131 0.267218 0.26499 0.236024 0.193689 0.16918 0.155811 0.146898 0.155811 0.149127 0.137986 0.162495 0.175864 0.220427 0.253849 0.200374 0.178092 0.182549 0.155811 0.158039 0.180321 0.175864 0.151355 0.151355 0.213743 0.253849 0.238252 0.24048 
0.166952 0.211515 0.267218 0.320693 0.334062 0.340747 0.342975 0.316237 0.267218 0.247165 0.22934 0.189233 0.16918 0.164724 0.153583 0.155811 0.153583 0.140214 0.131301 0.189233 0.213743 0.207058 0.164724 0.160267 0.166952 0.160267 0.151355 0.146898 0.137986 0.137986 0.153583 0.207058 0.26499 0.278359 0.305096 
0.115704 0.202602 0.207058 0.285043 0.331834 0.338519 0.327378 0.338519 0.327378 0.285043 0.256077 0.242708 0.218199 0.209286 0.178092 0.149127 0.149127 0.151355 0.140214 0.162495 0.184777 0.187005 0.191461 0.175864 0.182549 0.175864 0.146898 0.129073 0.122389 0.124617 0.137986 0.175864 0.24048 0.302868 0.320693 
0.0755979 0.191461 0.218199 0.253849 0.307325 0.334062 0.285043 0.296184 0.302868 0.291728 0.314009 0.302868 0.271674 0.260534 0.211515 0.160267 0.151355 0.14467 0.153583 0.171408 0.180321 0.187005 0.233796 0.258305 0.233796 0.175864 0.13353 0.122389 0.124617 0.124617 0.135758 0.158039 0.220427 0.280587 0.269446 
0.0956512 0.153583 0.258305 0.289499 0.267218 0.251621 0.220427 0.209286 0.198146 0.227111 0.309553 0.318465 0.256077 0.236024 0.220427 0.164724 0.135758 0.137986 0.153583 0.16918 0.218199 0.251621 0.285043 0.30064 0.213743 0.166952 0.131301 0.129073 0.131301 0.129073 0.137986 0.14467 0.173636 0.236024 0.215971 
0.211515 0.215971 0.289499 0.318465 0.251621 0.184777 0.184777 0.187005 0.178092 0.195918 0.24048 0.271674 0.215971 0.182549 0.207058 0.166952 0.142442 0.153583 0.182549 0.202602 0.26499 0.302868 0.291728 0.345203 0.271674 0.162495 0.135758 0.149127 0.137986 0.129073 0.131301 0.13353 0.137986 0.222655 0.24048 
0.227111 0.231568 0.302868 0.33629 0.280587 0.198146 0.182549 0.198146 0.207058 0.209286 0.211515 0.213743 0.189233 0.164724 0.178092 0.178092 0.142442 0.160267 0.200374 0.218199 0.244937 0.280587 0.298412 0.327378 0.318465 0.166952 0.131301 0.151355 0.142442 0.124617 0.120161 0.13353 0.135758 0.160267 0.244937 
0.24048 0.278359 0.345203 0.371941 0.338519 0.242708 0.195918 0.189233 0.209286 0.22934 0.227111 0.218199 0.184777 0.166952 0.175864 0.189233 0.151355 0.140214 0.175864 0.198146 0.213743 0.242708 0.26499 0.282815 0.302868 0.215971 0.14467 0.155811 0.151355 0.124617 0.117933 0.13353 0.137986 0.129073 0.162495 
0.285043 0.33629 0.356344 0.367484 0.3608 0.296184 0.20483 0.189233 0.247165 0.260534 0.251621 0.24048 0.195918 0.187005 0.187005 0.193689 0.16918 0.142442 0.162495 0.193689 0.195918 0.207058 0.24048 0.262762 0.280587 0.247165 0.198146 0.213743 0.171408 0.135758 0.124617 0.13353 0.14467 0.129073 0.122389 
0.327378 0.349659 0.3608 0.363028 0.3608 0.338519 0.26499 0.26499 0.282815 0.249393 0.222655 0.224883 0.191461 0.182549 0.173636 0.191461 0.180321 0.153583 0.162495 0.187005 0.202602 0.213743 0.233796 0.276131 0.296184 0.260534 0.247165 0.236024 0.173636 0.140214 0.140214 0.131301 0.135758 0.126845 0.120161 
