reflectance-2
0.0985104 0.0985104 0.095512 0.0985104 0.0985104 0.0985104 0.095512 0.1195 0.1195 0.113503 0.101509 0.0985104 0.122498 0.122498 0.095512 0.0895151 0.0865166 0.0775212 0.0805197 0.0835182 0.0805197 0.0775212 0.0805197 0.0865166 0.0835182 0.0745228 0.0835182 0.113503 0.125497 0.0895151 0.0925135 0.095512 0.0835182 0.0865166 0.0865166 
0.101509 0.107506 0.0985104 0.101509 0.101509 0.101509 0.0865166 0.104507 0.107506 0.0985104 0.0925135 0.0985104 0.101509 0.101509 0.0985104 0.0895151 0.0805197 0.0745228 0.0775212 0.0775212 0.0775212 0.0775212 0.0805197 0.0835182 0.0775212 0.0715243 0.0895151 0.128495 0.116501 0.0835182 0.0835182 0.0895151 0.0835182 0.0835182 0.0865166 
0.101509 0.107506 0.0985104 0.104507 0.101509 0.101509 0.0985104 0.101509 0.104507 0.0895151 0.0865166 0.095512 0.0865166 0.0925135 0.101509 0.0865166 0.0805197 0.0775212 0.0775212 0.0775212 0.0775212 0.0775212 0.0745228 0.0805197 0.0805197 0.0745228 0.0895151 0.128495 0.110504 0.0805197 0.0775212 0.101509 0.128495 0.107506 0.0865166 
0.104507 0.107506 0.107506 0.113503 0.110504 0.0985104 0.0985104 0.0985104 0.107506 0.101509 0.110504 0.0985104 0.0925135 0.0925135 0.095512 0.0805197 0.0895151 0.0925135 0.0865166 0.0775212 0.0745228 0.0775212 0.0775212 0.0805197 0.0835182 0.0775212 0.0865166 0.104507 0.0985104 0.0775212 0.0865166 0.116501 0.152483 0.13749 0.095512 
0.104507 0.107506 0.107506 0.107506 0.0985104 0.0925135 0.095512 0.101509 0.0985104 0.101509 0.095512 0.101509 0.0985104 0.0895151 0.0925135 0.0835182 0.0865166 0.0805197 0.0835182 0.0805197 0.0745228 0.0775212 0.0835182 0.0775212 0.0835182 0.0805197 0.0775212 0.0835182 0.0865166 0.0835182 0.0985104 0.140489 0.125497 0.1195 0.095512 
0.101509 0.107506 0.107506 0.107506 0.110504 0.107506 0.110504 0.107506 0.095512 0.101509 0.0985104 0.0985104 0.095512 0.0895151 0.0925135 0.0925135 0.0895151 0.0805197 0.0775212 0.0775212 0.0775212 0.0745228 0.0805197 0.0775212 0.0805197 0.0805197 0.0775212 0.0835182 0.0865166 0.107506 0.110504 0.110504 0.0925135 0.0865166 0.0925135 
0.101509 0.110504 0.113503 0.110504 0.116501 0.1195 0.1195 0.113503 0.101509 0.0985104 0.0985104 0.0985104 0.095512 0.0895151 0.0865166 0.0925135 0.0865166 0.0835182 0.0835182 0.0805197 0.0775212 0.0745228 0.0745228 0.0745228 0.0805197 0.0805197 0.0775212 0.0835182 0.104507 0.152483 0.140489 0.095512 0.0745228 0.0775212 0.0805197 
0.104507 0.110504 0.107506 0.104507 0.110504 0.110504 0.110504 0.110504 0.104507 0.0895151 0.0895151 0.095512 0.095512 0.0925135 0.0895151 0.0895151 0.0835182 0.0925135 0.101509 0.0985104 0.0895151 0.0835182 0.0775212 0.0805197 0.0805197 0.107506 0.125497 0.113503 0.113503 0.104507 0.0835182 0.0775212 0.0775212 0.0775212 0.0745228 
0.101509 0.104507 0.0985104 0.101509 0.107506 0.104507 0.110504 0.095512 0.0925135 0.0835182 0.0865166 0.0925135 0.0985104 0.107506 0.107506 0.101509 0.0865166 0.0865166 0.0985104 0.104507 0.107506 0.110504 0.110504 0.095512 0.0835182 0.107506 0.140489 0.1195 0.095512 0.0775212 0.0775212 0.0775212 0.0775212 0.0835182 0.0835182 
0.101509 0.101509 0.0985104 0.0895151 0.107506 0.107506 0.110504 0.104507 0.107506 0.0985104 0.0865166 0.0895151 0.0985104 0.1195 0.104507 0.0925135 0.0835182 0.0925135 0.101509 0.095512 0.0985104 0.101509 0.095512 0.0895151 0.0865166 0.0925135 0.095512 0.0835182 0.0775212 0.0775212 0.0775212 0.0745228 0.0775212 0.0835182 0.0835182 
0.095512 0.0985104 0.104507 0.0985104 0.113503 0.110504 0.113503 0.116501 0.101509 0.116501 0.101509 0.0865166 0.0985104 0.104507 0.0925135 0.0775212 0.0805197 0.0925135 0.0985104 0.0925135 0.104507 0.0925135 0.0805197 0.0865166 0.0835182 0.0775212 0.0715243 0.0775212 0.0775212 0.0745228 0.0775212 0.0775212 0.0745228 0.0775212 0.0775212 
0.0925135 0.0925135 0.0985104 0.095512 0.101509 0.104507 0.116501 0.122498 0.110504 0.104507 0.0985104 0.0835182 0.095512 0.110504 0.107506 0.0805197 0.0805197 0.0805197 0.0895151 0.0865166 0.095512 0.0835182 0.0865166 0.122498 0.095512 0.0775212 0.0775212 0.0805197 0.0805197 0.0775212 0.0775212 0.0775212 0.0745228 0.0745228 0.0745228 
0.101509 0.101509 0.101509 0.104507 0.0985104 0.101509 0.113503 0.122498 0.113503 0.107506 0.104507 0.0865166 0.0895151 0.0925135 0.110504 0.116501 0.0865166 0.0775212 0.0865166 0.0805197 0.0805197 0.095512 0.107506 0.1195 0.110504 0.0775212 0.0775212 0.0775212 0.0775212 0.0775212 0.0805197 0.0745228 0.0745228 0.0775212 0.0775212 
0.107506 0.104507 0.104507 0.107506 0.107506 0.104507 0.110504 0.110504 0.110504 0.107506 0.0985104 0.0895151 0.0925135 0.0865166 0.0835182 0.0865166 0.0805197 0.0805197 0.0835182 0.0805197 0.0835182 0.0865166 0.0895151 0.0895151 0.0895151 0.0775212 0.0775212 0.0775212 0.0745228 0.0805197 0.0775212 0.0745228 0.0745228 0.0775212 0.0805197 
0.104507 0.101509 0.110504 0.110504 0.107506 0.101509 0.104507 0.107506 0.107506 0.110504 0.101509 0.0895151 0.0865166 0.0835182 0.0775212 0.0775212 0.0805197 0.0805197 0.0775212 0.0775212 0.0775212 0.0805197 0.0805197 0.0805197 0.0775212 0.0775212 0.0775212 0.0805197 0.0775212 0.0805197 0.0805197 0.0775212 0.0745228 0.0745228 0.0805197 
0.0985104 0.110504 0.107506 0.101509 0.104507 0.101509 0.104507 0.104507 0.107506 0.101509 0.095512 0.0895151 0.0895151 0.0835182 0.0805197 0.0805197 0.0775212 0.0775212 0.0775212 0.0775212 0.0805197 0.0805197 0.0805197 0.0775212 0.0775212 0.0775212 0.0775212 0.0805197 0.0805197 0.0805197 0.0805197 0.0805197 0.0805197 0.0805197 0.0835182 
0.104507 0.107506 0.104507 0.095512 0.116501 0.113503 0.110504 0.122498 0.113503 0.101509 0.0895151 0.0835182 0.0865166 0.0805197 0.0775212 0.0775212 0.0805197 0.0775212 0.0775212 0.0775212 0.0805197 0.0805197 0.0775212 0.0775212 0.0775212 0.0775212 0.0775212 0.0775212 0.0805197 0.0805197 0.0775212 0.0775212 0.0775212 0.0805197 0.0805197 
0.110504 0.107506 0.0985104 0.101509 0.095512 0.122498 0.116501 0.125497 0.101509 0.101509 0.0895151 0.0835182 0.0805197 0.0775212 0.0745228 0.0775212 0.0775212 0.0775212 0.0805197 0.0805197 0.0775212 0.0775212 0.0745228 0.0775212 0.0835182 0.0865166 0.0865166 0.0805197 0.0775212 0.0775212 0.0805197 0.0805197 0.0775212 0.0805197 0.0805197 
0.1195 0.1195 0.110504 0.110504 0.110504 0.113503 0.128495 0.116501 0.113503 0.101509 0.095512 0.0835182 0.0805197 0.0805197 0.0775212 0.0805197 0.0805197 0.0805197 0.0775212 0.0775212 0.0775212 0.0745228 0.0805197 0.0865166 0.095512 0.104507 0.101509 0.0865166 0.0805197 0.0775212 0.0775212 0.0775212 0.0775212 0.0805197 0.0775212 
0.110504 0.107506 0.0985104 0.095512 0.107506 0.1195 0.131493 0.128495 0.110504 0.095512 0.0895151 0.0805197 0.0775212 0.0775212 0.0745228 0.0805197 0.0805197 0.0805197 0.0775212 0.0805197 0.0745228 0.0805197 0.0895151 0.101509 0.104507 0.095512 0.0895151 0.0865166 0.0925135 0.0895151 0.0895151 0.0835182 0.0805197 0.0775212 0.0805197 
0.0985104 0.0985104 0.0985104 0.0985104 0.107506 0.122498 0.128495 0.128495 0.125497 0.113503 0.0865166 0.0805197 0.0745228 0.0745228 0.0805197 0.0835182 0.0805197 0.0805197 0.0775212 0.0805197 0.0895151 0.0895151 0.0895151 0.0925135 0.0985104 0.0895151 0.0895151 0.0895151 0.0895151 0.0865166 0.0895151 0.0895151 0.0895151 0.0835182 0.0835182 
0.0835182 0.0925135 0.104507 0.110504 0.116501 0.125497 0.1195 0.1195 0.1195 0.113503 0.104507 0.0865166 0.0775212 0.0775212 0.0835182 0.0865166 0.0865166 0.0835182 0.0805197 0.0805197 0.0895151 0.0985104 0.095512 0.0925135 0.0925135 0.0865166 0.0865166 0.0895151 0.0865166 0.0835182 0.0835182 0.0835182 0.0835182 0.0865166 0.095512 
0.0985104 0.095512 0.107506 0.116501 0.122498 0.122498 0.116501 0.110504 0.107506 0.104507 0.101509 0.101509 0.0985104 0.0835182 0.0835182 0.0805197 0.0805197 0.0835182 0.0775212 0.0835182 0.0925135 0.0985104 0.0985104 0.095512 0.0865166 0.0835182 0.0835182 0.0835182 0.0835182 0.0805197 0.0805197 0.0805197 0.0835182 0.0805197 0.0805197 
0.113503 0.101509 0.107506 0.113503 0.1195 0.125497 0.122498 0.110504 0.107506 0.0985104 0.0895151 0.095512 0.0925135 0.0865166 0.0805197 0.0775212 0.0775212 0.0835182 0.0805197 0.0865166 0.0925135 0.0985104 0.095512 0.0895151 0.0865166 0.0805197 0.0805197 0.0835182 0.0835182 0.0805197 0.0775212 0.0775212 0.0835182 0.0835182 0.0835182 
0.116501 0.113503 0.101509 0.110504 0.125497 0.122498 0.113503 0.104507 0.107506 0.104507 0.0925135 0.0925135 0.0895151 0.0835182 0.0805197 0.0805197 0.0805197 0.0805197 0.0835182 0.0865166 0.095512 0.101509 0.0895151 0.0865166 0.0835182 0.0775212 0.0805197 0.0835182 0.0835182 0.0775212 0.0775212 0.0775212 0.0835182 0.0835182 0.0775212 
0.110504 0.110504 0.0925135 0.107506 0.116501 0.1195 0.1195 0.101509 0.101509 0.101509 0.101509 0.0865166 0.0835182 0.0805197 0.0805197 0.0835182 0.0775212 0.0775212 0.0805197 0.0805197 0.0895151 0.0925135 0.0835182 0.0835182 0.0805197 0.0775212 0.0775212 0.0805197 0.0805197 0.0775212 0.0775212 0.0805197 0.0925135 0.095512 0.095512 
0.0895151 0.095512 0.0925135 0.107506 0.110504 0.116501 0.1195 0.110504 0.104507 0.101509 0.095512 0.0895151 0.0865166 0.0835182 0.0805197 0.0805197 0.0775212 0.0775212 0.0775212 0.0835182 0.0865166 0.0865166 0.0805197 0.0775212 0.0775212 0.0775212 0.0775212 0.0775212 0.0775212 0.0775212 0.0775212 0.0835182 0.095512 0.110504 0.1195 
0.0895151 0.095512 0.0895151 0.104507 0.113503 0.113503 0.113503 0.113503 0.113503 0.107506 0.0985104 0.0925135 0.0925135 0.0865166 0.0835182 0.0805197 0.0805197 0.0805197 0.0775212 0.0775212 0.0835182 0.0865166 0.0835182 0.0775212 0.0805197 0.0805197 0.0775212 0.0745228 0.0745228 0.0745228 0.0775212 0.0805197 0.095512 0.113503 0.1195 
0.0835182 0.0865166 0.0895151 0.0985104 0.110504 0.113503 0.110504 0.107506 0.110504 0.110504 0.116501 0.113503 0.104507 0.0985104 0.0865166 0.0775212 0.0805197 0.0805197 0.0805197 0.0805197 0.0805197 0.0835182 0.095512 0.0895151 0.0865166 0.0835182 0.0775212 0.0745228 0.0745228 0.0745228 0.0745228 0.0775212 0.0865166 0.104507 0.101509 
0.0895151 0.095512 0.101509 0.104507 0.0985104 0.0985104 0.0925135 0.0895151 0.0925135 0.0985104 0.1195 0.116501 0.101509 0.0925135 0.0895151 0.0805197 0.0775212 0.0775212 0.0805197 0.0775212 0.0895151 0.0985104 0.0985104 0.107506 0.0985104 0.0805197 0.0775212 0.0775212 0.0745228 0.0745228 0.0745228 0.0775212 0.0835182 0.0925135 0.0895151 
0.095512 0.0985104 0.110504 0.116501 0.101509 0.0865166 0.0865166 0.0865166 0.0865166 0.0895151 0.104507 0.107506 0.0925135 0.0865166 0.0865166 0.0835182 0.0775212 0.0775212 0.0835182 0.0865166 0.101509 0.110504 0.113503 0.116501 0.101509 0.0805197 0.0745228 0.0775212 0.0775212 0.0745228 0.0745228 0.0745228 0.0775212 0.0895151 0.095512 
0.101509 0.101509 0.116501 0.128495 0.113503 0.0925135 0.0865166 0.0865166 0.0865166 0.0865166 0.0895151 0.0835182 0.0805197 0.0775212 0.0835182 0.0835182 0.0775212 0.0805197 0.0865166 0.0865166 0.0925135 0.104507 0.110504 0.1195 0.113503 0.0865166 0.0745228 0.0775212 0.0775212 0.0745228 0.0775212 0.0775212 0.0745228 0.0775212 0.095512 
0.104507 0.107506 0.122498 0.128495 0.131493 0.095512 0.0865166 0.0835182 0.0865166 0.0895151 0.0925135 0.0925135 0.0865166 0.0835182 0.0835182 0.0835182 0.0775212 0.0805197 0.0835182 0.0865166 0.0865166 0.0925135 0.095512 0.104507 0.116501 0.0925135 0.0745228 0.0775212 0.0775212 0.0745228 0.0715243 0.0745228 0.0775212 0.0745228 0.0865166 
0.107506 0.113503 0.125497 0.125497 0.125497 0.1195 0.0865166 0.0805197 0.095512 0.0985104 0.095512 0.0985104 0.0865166 0.0865166 0.0865166 0.0835182 0.0835182 0.0775212 0.0805197 0.0805197 0.0835182 0.0835182 0.0865166 0.095512 0.107506 0.107506 0.0865166 0.0925135 0.0805197 0.0745228 0.0745228 0.0775212 0.0775212 0.0745228 0.0745228 
0.122498 0.1195 0.128495 0.128495 0.122498 0.122498 0.104507 0.101509 0.107506 0.095512 0.0895151 0.0925135 0.0865166 0.0865166 0.0805197 0.0835182 0.0865166 0.0775212 0.0805197 0.0835182 0.0835182 0.0865166 0.0865166 0.0985104 0.110504 0.101509 0.095512 0.0985104 0.0805197 0.0775212 0.0775212 0.0745228 0.0775212 0.0745228 0.0745228 
