reflectance-1
0.101675 0.104433 0.0975385 0.100296 0.101675 0.104433 0.0975385 0.122358 0.116843 0.1196 0.108569 0.100296 0.120979 0.123737 0.100296 0.0961596 0.0934019 0.0878864 0.0906441 0.0947807 0.092023 0.0892652 0.0906441 0.0975385 0.0934019 0.0865075 0.0934019 0.122358 0.123737 0.0989174 0.101675 0.101675 0.0975385 0.0975385 0.0975385 
0.104433 0.109948 0.103054 0.0989174 0.103054 0.107191 0.0947807 0.105812 0.115464 0.100296 0.0989174 0.101675 0.104433 0.105812 0.103054 0.0989174 0.0906441 0.0892652 0.0892652 0.0947807 0.0892652 0.0906441 0.0934019 0.0947807 0.0934019 0.0865075 0.0961596 0.129253 0.118222 0.0934019 0.0961596 0.0975385 0.0947807 0.0961596 0.0975385 
0.108569 0.111327 0.107191 0.104433 0.103054 0.103054 0.104433 0.103054 0.108569 0.0961596 0.0961596 0.101675 0.0989174 0.0975385 0.104433 0.0975385 0.0934019 0.0934019 0.092023 0.0906441 0.0892652 0.0934019 0.0892652 0.0947807 0.0975385 0.0878864 0.0947807 0.123737 0.115464 0.0906441 0.092023 0.105812 0.129253 0.114085 0.100296 
0.108569 0.108569 0.107191 0.109948 0.111327 0.0975385 0.0989174 0.103054 0.103054 0.105812 0.108569 0.105812 0.101675 0.0975385 0.100296 0.0947807 0.100296 0.101675 0.092023 0.0878864 0.0892652 0.0892652 0.092023 0.0961596 0.0947807 0.0878864 0.0934019 0.107191 0.108569 0.0878864 0.0961596 0.114085 0.14442 0.136147 0.0989174 
0.108569 0.108569 0.105812 0.105812 0.103054 0.0961596 0.100296 0.105812 0.101675 0.105812 0.103054 0.104433 0.104433 0.0961596 0.100296 0.0961596 0.0934019 0.092023 0.0961596 0.0934019 0.0906441 0.0892652 0.0947807 0.0934019 0.0906441 0.0892652 0.0947807 0.0947807 0.0975385 0.0961596 0.104433 0.129253 0.127874 0.120979 0.100296 
0.104433 0.109948 0.107191 0.107191 0.108569 0.107191 0.111327 0.107191 0.101675 0.103054 0.104433 0.105812 0.103054 0.0989174 0.101675 0.103054 0.0961596 0.0892652 0.0906441 0.0906441 0.0906441 0.0892652 0.0934019 0.092023 0.092023 0.0906441 0.0906441 0.0934019 0.0961596 0.111327 0.109948 0.114085 0.100296 0.0989174 0.103054 
0.103054 0.108569 0.109948 0.105812 0.109948 0.111327 0.112706 0.109948 0.103054 0.104433 0.104433 0.103054 0.103054 0.0989174 0.100296 0.103054 0.0975385 0.0947807 0.0947807 0.0906441 0.0892652 0.0892652 0.0892652 0.0892652 0.0906441 0.0934019 0.0892652 0.092023 0.109948 0.137526 0.130631 0.100296 0.0878864 0.092023 0.092023 
0.105812 0.111327 0.104433 0.103054 0.103054 0.105812 0.107191 0.108569 0.107191 0.0989174 0.0975385 0.101675 0.103054 0.103054 0.101675 0.100296 0.0947807 0.0975385 0.104433 0.103054 0.0961596 0.0906441 0.0892652 0.0934019 0.0947807 0.108569 0.123737 0.115464 0.116843 0.115464 0.092023 0.0892652 0.0892652 0.0892652 0.0878864 
0.103054 0.107191 0.101675 0.0975385 0.103054 0.101675 0.104433 0.0961596 0.0975385 0.092023 0.100296 0.101675 0.105812 0.112706 0.111327 0.108569 0.0961596 0.0975385 0.104433 0.107191 0.104433 0.108569 0.107191 0.101675 0.0934019 0.112706 0.133389 0.120979 0.103054 0.092023 0.0906441 0.0878864 0.0892652 0.0934019 0.0934019 
0.104433 0.105812 0.0989174 0.0975385 0.103054 0.105812 0.108569 0.101675 0.108569 0.105812 0.0947807 0.0989174 0.105812 0.118222 0.107191 0.100296 0.0947807 0.0989174 0.109948 0.0975385 0.104433 0.104433 0.101675 0.0934019 0.0947807 0.0975385 0.100296 0.0947807 0.0892652 0.0878864 0.0865075 0.0878864 0.0906441 0.0961596 0.0961596 
0.103054 0.103054 0.103054 0.103054 0.107191 0.108569 0.109948 0.108569 0.107191 0.114085 0.105812 0.0947807 0.103054 0.107191 0.101675 0.0892652 0.0906441 0.0975385 0.105812 0.0975385 0.105812 0.101675 0.0947807 0.0947807 0.0934019 0.0878864 0.0865075 0.0906441 0.0906441 0.0906441 0.0892652 0.0892652 0.0892652 0.0906441 0.092023 
0.0989174 0.0961596 0.101675 0.101675 0.100296 0.104433 0.112706 0.114085 0.107191 0.109948 0.107191 0.0961596 0.100296 0.107191 0.111327 0.0906441 0.0892652 0.092023 0.0975385 0.0961596 0.100296 0.0934019 0.0975385 0.116843 0.104433 0.0892652 0.0892652 0.0906441 0.092023 0.0892652 0.0865075 0.092023 0.0865075 0.0878864 0.0892652 
0.0989174 0.100296 0.105812 0.105812 0.103054 0.104433 0.109948 0.114085 0.112706 0.111327 0.105812 0.0975385 0.0961596 0.0989174 0.111327 0.112706 0.100296 0.0906441 0.0961596 0.0947807 0.0947807 0.104433 0.114085 0.115464 0.112706 0.0892652 0.0892652 0.0906441 0.0892652 0.0906441 0.0906441 0.0878864 0.0865075 0.0892652 0.0906441 
0.105812 0.103054 0.101675 0.104433 0.109948 0.108569 0.105812 0.108569 0.109948 0.107191 0.103054 0.0975385 0.0989174 0.0961596 0.0961596 0.0975385 0.0906441 0.0906441 0.0934019 0.092023 0.0934019 0.0947807 0.0947807 0.100296 0.0975385 0.0906441 0.0906441 0.0892652 0.0878864 0.0878864 0.0906441 0.0837498 0.0878864 0.0906441 0.092023 
0.107191 0.101675 0.108569 0.107191 0.107191 0.104433 0.105812 0.104433 0.103054 0.107191 0.101675 0.0961596 0.0989174 0.0934019 0.0892652 0.0892652 0.092023 0.0906441 0.0906441 0.0892652 0.0906441 0.092023 0.092023 0.092023 0.092023 0.0906441 0.0906441 0.0906441 0.092023 0.092023 0.0906441 0.0878864 0.0892652 0.092023 0.092023 
0.104433 0.107191 0.105812 0.101675 0.103054 0.104433 0.109948 0.107191 0.103054 0.101675 0.101675 0.0975385 0.0975385 0.0934019 0.0865075 0.0906441 0.0906441 0.0892652 0.0906441 0.0906441 0.0934019 0.0975385 0.0934019 0.092023 0.0906441 0.0892652 0.0906441 0.0906441 0.092023 0.0892652 0.0892652 0.092023 0.0906441 0.0947807 0.0961596 
0.103054 0.105812 0.101675 0.0989174 0.109948 0.112706 0.111327 0.112706 0.114085 0.103054 0.0989174 0.0975385 0.0975385 0.092023 0.0878864 0.0906441 0.0892652 0.0906441 0.0906441 0.0906441 0.0934019 0.0906441 0.092023 0.0878864 0.092023 0.0906441 0.092023 0.0878864 0.092023 0.0906441 0.0934019 0.092023 0.0906441 0.0934019 0.0961596 
0.107191 0.108569 0.105812 0.100296 0.0989174 0.116843 0.112706 0.114085 0.111327 0.104433 0.101675 0.0975385 0.0947807 0.0961596 0.0865075 0.0906441 0.0906441 0.0906441 0.0892652 0.092023 0.0906441 0.0851286 0.0892652 0.0906441 0.0934019 0.0961596 0.0947807 0.092023 0.0892652 0.0906441 0.092023 0.092023 0.0892652 0.0906441 0.092023 
0.111327 0.108569 0.109948 0.109948 0.107191 0.112706 0.115464 0.111327 0.107191 0.105812 0.101675 0.0934019 0.0906441 0.0906441 0.0892652 0.092023 0.092023 0.0892652 0.0906441 0.092023 0.092023 0.0906441 0.092023 0.0961596 0.101675 0.103054 0.101675 0.100296 0.0906441 0.0961596 0.0906441 0.092023 0.0906441 0.0934019 0.0906441 
0.108569 0.103054 0.101675 0.101675 0.104433 0.112706 0.118222 0.1196 0.114085 0.103054 0.0975385 0.092023 0.0906441 0.0906441 0.0892652 0.092023 0.0934019 0.092023 0.092023 0.0934019 0.092023 0.0934019 0.100296 0.104433 0.103054 0.100296 0.100296 0.0989174 0.0934019 0.0975385 0.0961596 0.0961596 0.092023 0.092023 0.0892652 
0.101675 0.100296 0.101675 0.100296 0.105812 0.114085 0.114085 0.112706 0.116843 0.114085 0.0975385 0.0934019 0.092023 0.0906441 0.092023 0.0934019 0.0961596 0.0934019 0.0906441 0.092023 0.0961596 0.0989174 0.0989174 0.100296 0.100296 0.0975385 0.0989174 0.0989174 0.0961596 0.0975385 0.0989174 0.0975385 0.0975385 0.0947807 0.092023 
0.0934019 0.0989174 0.103054 0.104433 0.111327 0.116843 0.112706 0.114085 0.115464 0.111327 0.107191 0.0961596 0.0934019 0.092023 0.0947807 0.0961596 0.0947807 0.0947807 0.092023 0.0934019 0.0989174 0.101675 0.0975385 0.0975385 0.0989174 0.0975385 0.0975385 0.0975385 0.0947807 0.0947807 0.0961596 0.0947807 0.0975385 0.100296 0.100296 
0.0989174 0.0975385 0.105812 0.109948 0.112706 0.109948 0.109948 0.109948 0.107191 0.105812 0.104433 0.103054 0.0989174 0.0947807 0.0934019 0.0934019 0.0947807 0.0947807 0.0892652 0.092023 0.100296 0.103054 0.101675 0.0989174 0.0961596 0.0947807 0.0947807 0.0961596 0.0961596 0.0961596 0.0961596 0.0961596 0.0961596 0.0961596 0.0947807 
0.112706 0.104433 0.105812 0.111327 0.112706 0.114085 0.111327 0.109948 0.105812 0.104433 0.0975385 0.101675 0.0989174 0.0961596 0.0906441 0.092023 0.0934019 0.0934019 0.0906441 0.0947807 0.100296 0.100296 0.101675 0.0989174 0.0961596 0.0947807 0.0947807 0.0934019 0.0947807 0.0961596 0.0934019 0.0947807 0.0947807 0.0947807 0.0934019 
0.111327 0.109948 0.105812 0.108569 0.111327 0.111327 0.109948 0.104433 0.107191 0.107191 0.0989174 0.100296 0.0975385 0.092023 0.0934019 0.0934019 0.092023 0.0906441 0.0947807 0.0975385 0.103054 0.101675 0.0975385 0.0975385 0.0961596 0.0906441 0.0961596 0.0934019 0.0934019 0.0947807 0.0934019 0.0947807 0.0947807 0.0961596 0.0934019 
0.108569 0.108569 0.104433 0.105812 0.111327 0.109948 0.109948 0.104433 0.104433 0.104433 0.103054 0.0989174 0.092023 0.0906441 0.092023 0.0961596 0.0906441 0.0906441 0.0906441 0.0961596 0.101675 0.0989174 0.0934019 0.0989174 0.0934019 0.0906441 0.0947807 0.0947807 0.092023 0.0934019 0.0947807 0.0961596 0.0975385 0.0975385 0.0989174 
0.0961596 0.101675 0.101675 0.104433 0.109948 0.109948 0.109948 0.109948 0.105812 0.104433 0.100296 0.0947807 0.0947807 0.0934019 0.0934019 0.0947807 0.0934019 0.0865075 0.0906441 0.0961596 0.0975385 0.0961596 0.0934019 0.0934019 0.092023 0.092023 0.092023 0.092023 0.0892652 0.0934019 0.0906441 0.0975385 0.101675 0.103054 0.118222 
0.0934019 0.100296 0.100296 0.104433 0.109948 0.112706 0.112706 0.111327 0.111327 0.107191 0.101675 0.0989174 0.101675 0.100296 0.0947807 0.092023 0.0934019 0.092023 0.0906441 0.0961596 0.0947807 0.0961596 0.0947807 0.0947807 0.0947807 0.0961596 0.0892652 0.0906441 0.0865075 0.0892652 0.0906441 0.092023 0.0989174 0.109948 0.116843 
0.0906441 0.0975385 0.0989174 0.101675 0.104433 0.108569 0.111327 0.105812 0.107191 0.108569 0.111327 0.109948 0.104433 0.103054 0.0989174 0.092023 0.092023 0.0934019 0.0906441 0.092023 0.0947807 0.0934019 0.101675 0.100296 0.0989174 0.0934019 0.0906441 0.0892652 0.0878864 0.0865075 0.0865075 0.092023 0.0989174 0.108569 0.107191 
0.0934019 0.100296 0.105812 0.104433 0.100296 0.101675 0.100296 0.101675 0.0989174 0.104433 0.112706 0.114085 0.104433 0.104433 0.0989174 0.0934019 0.092023 0.0934019 0.092023 0.0947807 0.0989174 0.103054 0.104433 0.107191 0.100296 0.0947807 0.092023 0.0892652 0.0906441 0.0865075 0.0865075 0.0892652 0.0934019 0.100296 0.100296 
0.100296 0.101675 0.108569 0.111327 0.104433 0.0961596 0.0975385 0.0975385 0.0947807 0.0989174 0.104433 0.107191 0.0989174 0.0975385 0.0947807 0.092023 0.0906441 0.0906441 0.0947807 0.0961596 0.104433 0.109948 0.111327 0.112706 0.103054 0.0906441 0.0906441 0.0906441 0.0906441 0.0892652 0.0892652 0.0892652 0.092023 0.0975385 0.101675 
0.104433 0.0989174 0.111327 0.1196 0.112706 0.0989174 0.0961596 0.0961596 0.0961596 0.0975385 0.0961596 0.0961596 0.0906441 0.0934019 0.0934019 0.0934019 0.092023 0.092023 0.0989174 0.100296 0.101675 0.105812 0.111327 0.115464 0.108569 0.0934019 0.0906441 0.0934019 0.0892652 0.0892652 0.0892652 0.0878864 0.0892652 0.0892652 0.101675 
0.105812 0.103054 0.115464 0.122358 0.122358 0.101675 0.0961596 0.0961596 0.0975385 0.0989174 0.0975385 0.0961596 0.0947807 0.0975385 0.0934019 0.0947807 0.092023 0.0906441 0.0947807 0.0947807 0.0975385 0.0975385 0.104433 0.107191 0.114085 0.101675 0.0892652 0.0906441 0.0947807 0.0878864 0.0906441 0.0865075 0.0906441 0.0892652 0.0947807 
0.107191 0.111327 0.115464 0.112706 0.115464 0.111327 0.0989174 0.0961596 0.100296 0.100296 0.100296 0.101675 0.100296 0.0975385 0.0961596 0.0961596 0.0947807 0.0906441 0.0934019 0.0961596 0.0961596 0.0961596 0.103054 0.100296 0.108569 0.112706 0.0989174 0.103054 0.0947807 0.0892652 0.0892652 0.0906441 0.0947807 0.092023 0.0878864 
0.115464 0.116843 0.118222 0.112706 0.115464 0.114085 0.105812 0.101675 0.104433 0.101675 0.0947807 0.0961596 0.0961596 0.0947807 0.0934019 0.0961596 0.0975385 0.092023 0.0934019 0.0934019 0.0947807 0.0961596 0.100296 0.103054 0.114085 0.105812 0.103054 0.104433 0.0947807 0.0906441 0.0906441 0.0892652 0.0906441 0.0865075 0.0892652 
