soil_heat
96.0868 96.1958 95.2184 92.3804 91.3047 89.9433 88.2339 90.6035 90.8033 91.0202 89.5826 88.5364 89.1028 88.4864 87.8106 86.2925 84.1534 77.6978 78.4652 81.2527 80.6162 80.4299 82.5321 85.3951 83.6062 76.2676 80.5354 86.558 86.5054 81.9424 83.2091 81.9797 76.0216 80.743 82.3231 
95.6181 95.3215 94.1464 92.6755 91.7019 90.5509 87.3879 90.5408 90.6769 89.7509 88.3838 88.8452 88.7826 87.4144 87.8674 85.4728 82.4797 78.3878 81.2534 81.6088 76.69 79.7027 81.5211 83.501 80.4027 73.2961 81.8545 86.6866 85.5272 80.3691 80.3061 78.8052 79.5876 84.2829 85.5807 
95.3611 95.2764 94.3028 92.2705 90.1708 90.1613 89.6292 89.869 90.8686 86.6385 87.5377 87.9894 86.4669 85.7241 87.2778 85.2754 80.9446 82.6453 82.3183 78.4503 76.3368 77.7759 80.3319 81.8078 84.133 79.4677 82.8219 86.9435 86.706 79.7072 77.1399 84.9089 87.5717 87.827 85.3307 
94.715 94.5441 94.456 93.2464 91.834 92.2851 92.0777 90.5968 90.8499 90.6412 90.7959 89.4949 88.2246 87.7229 87.3338 82.9914 83.2961 86.2824 81.8031 75.7108 76.646 77.0408 80.8552 81.0529 84.7835 79.7672 81.1246 85.3469 85.2287 76.3107 81.2111 86.0602 86.7114 87.1093 85.6272 
94.4762 94.5634 94.3577 94.3783 93.8324 93.1862 93.3863 91.396 90.683 91.0766 90.5491 89.9481 89.3666 88.4213 87.7145 84.8782 83.9159 80.7846 81.7516 78.4717 76.5614 77.0743 82.9425 82.9654 81.5037 80.8842 81.9206 78.504 82.349 81.2892 84.3026 87.4879 87.0953 87.6095 85.8628 
94.2598 94.3134 94.0141 94.4756 93.8025 93.1084 92.9288 92.4805 90.6835 91.5585 90.9036 90.7296 90.4947 88.8012 89.2555 88.2457 84.7955 78.8011 77.0994 73.9655 75.4264 79.4572 83.0709 81.5639 78.7998 74.3422 77.8072 77.8589 80.4003 87.1373 87.012 86.6457 80.0311 81.1632 85.4983 
93.5869 93.1472 94.21 94.2344 93.383 92.5286 91.9868 92.2328 91.9316 91.6507 92.0021 90.981 90.4057 89.4985 88.412 89.2832 87.3213 84.923 81.7587 78.1501 75.3373 79.4702 81.49 77.329 77.7729 80.1849 79.4332 80.5504 83.9578 85.8427 86.5004 81.4092 74.5263 75.7997 81.8698 
93.0538 93.1244 94.077 94.2157 94.2618 93.425 92.3108 91.8761 92.1184 90.7717 90.6207 90.4689 90.4971 89.2969 88.4222 88.0484 86.0726 87.1533 88.1338 87.1074 84.422 82.3065 81.2454 82.2764 82.6875 86.3884 87.4207 86.501 85.7129 84.4861 80.5865 79.4798 80.0677 79.7957 79.1595 
93.101 92.8338 93.8477 93.974 94.408 94.2699 92.7672 86.0752 89.0003 88.6962 89.5407 89.4274 89.9569 90.5166 89.1581 89.4599 87.0748 85.6915 87.8148 88.5219 89.0231 88.8309 88.8156 87.0261 83.1521 85.8317 86.7731 86.5949 82.6884 76.686 78.7374 79.6079 77.7565 81.2036 82.1944 
93.4131 93.1363 91.3489 92.3461 94.193 94.12 93.6418 92.0332 91.9189 91.3384 88.6124 88.2462 89.0299 89.518 88.8373 85.983 84.2281 86.0048 88.5418 87.4311 88.1086 87.6901 86.1472 83.5426 82.022 81.2746 81.5878 80.2616 77.7223 78.0388 78.3938 77.7282 77.4358 81.9234 83.3677 
91.5492 91.3061 92.1354 93.8737 94.4525 94.3886 94.0427 93.7741 93.7171 92.0302 89.6518 86.9714 88.7054 88.775 87.1838 83.4622 80.4465 85.0269 87.2814 86.5254 88.3691 86.86 80.0704 80.3933 81.5651 77.7426 76.9026 78.4018 80.4842 80.728 78.3111 78.857 78.7382 81.7386 81.541 
91.9932 90.6585 91.2742 92.2697 93.7651 94.009 93.6973 93.7338 93.6669 91.3775 90.3053 86.3591 87.4044 88.9652 88.2915 81.7938 80.4809 81.0166 84.2501 84.2363 86.2036 83.2386 83.3796 86.5021 85.366 81.8382 79.8891 80.2589 81.6714 80.7435 77.641 80.2325 80.4874 79.4017 77.8139 
93.0919 93.5411 94.0742 93.737 93.296 94.1465 94.0697 93.9165 93.4691 92.693 91.9105 89.084 87.5881 87.1341 87.7859 88.0766 86.2712 81.5665 84.4643 82.3594 80.6631 86.3213 86.5875 86.9021 86.3819 80.011 80.6771 80.3427 81.2673 78.8732 77.9751 79.2141 79.6848 79.6442 79.6768 
94.0523 94.5433 95.323 94.8744 94.1362 94.2134 94.4635 94.115 93.2889 92.7648 92.0096 90.3177 89.8331 87.7078 82.6234 83.2747 83.4637 82.5827 82.9505 82.4894 82.5651 81.0241 79.6396 82.7006 83.5559 79.3099 78.9913 78.9173 79.4971 79.3751 77.6361 77.6026 78.2536 79.0893 78.4556 
94.3504 95.6294 95.0594 94.1894 93.2608 93.5722 94.3892 93.8745 93.9051 93.3258 92.6598 90.4946 89.1007 87.8705 84.2631 80.7904 82.3062 81.0633 80.8202 81.0189 81.2339 81.7664 82.188 81.4738 79.4821 77.7925 77.3981 78.0612 79.8456 80.464 79.3927 78.2279 79.2657 79.6407 80.6814 
93.99 94.018 94.3128 92.4901 92.3404 93.5646 93.9476 93.8545 93.7817 92.6471 92.2151 91.0739 89.3281 85.6292 81.8045 82.4319 81.6816 79.1327 78.8048 80.9606 82.7174 84.089 84.0498 82.0587 80.4067 78.1552 77.8274 78.5325 80.4502 81.3319 79.6881 78.4467 79.3255 81.0041 82.2054 
93.7068 93.6274 94.7474 89.7302 93.5184 94.1534 94.1086 93.0627 93.1144 93.2742 91.7768 90.1495 87.5158 86.3812 84.6958 84.907 81.6806 81.3584 81.7039 81.4582 83.9697 83.1528 80.5923 79.1363 81.365 81.1443 80.835 82.2354 81.7148 81.5457 80.9595 79.8194 79.7595 82.2851 83.5314 
93.9594 94.19 94.2609 92.7218 89.8559 93.8256 93.412 93.3415 93.1826 92.4942 91.3597 89.6743 87.1255 85.9196 82.6349 82.6091 82.7424 82.7387 83.0586 83.3728 84.3741 82.2349 78.8256 80.8096 83.2636 86.4032 85.5358 84.0314 83.861 82.2733 80.6752 79.8435 78.1944 78.2717 80.756 
93.4423 93.2506 93.116 92.916 92.5136 93.0548 93.1498 93.4968 93.0348 92.6936 91.8628 88.097 86.855 84.4599 81.7534 82.7918 83.066 83.6941 84.5278 84.4652 82.76 80.6063 80.9168 85.1194 87.9337 88.3921 88.1139 87.418 84.7417 81.6226 81.0878 79.6103 79.5739 79.9231 80.1743 
92.5397 92.203 90.5576 89.9017 92.0297 93.1049 92.7328 93.0751 92.6285 91.8715 90.4551 86.7307 86.0106 83.4643 83.594 83.8177 82.8116 83.3604 84.9731 84.9173 82.8644 84.8432 87.6448 88.7299 88.9768 88.3704 87.3511 88.2197 88.4576 87.426 86.2499 85.1003 84.5136 80.9706 81.8507 
91.7209 91.6047 90.6111 91.789 92.7709 92.9918 92.919 93.0449 92.642 92.5353 89.304 85.4916 83.4095 82.8748 83.8114 85.0878 84.5807 84.7333 84.3637 84.1057 86.658 88.5168 89.5833 89.1045 88.5536 88.244 87.8733 88.3825 88.5241 87.5697 87.4008 87.754 88.0651 86.5579 84.4095 
92.0023 92.0823 92.5105 92.49 92.9333 93.0455 93.2634 93.3401 92.8941 91.8786 91.3224 87.2794 84.8889 83.8974 84.7171 86.1112 86.491 86.0211 84.9028 85.2352 88.3719 89.5823 89.2847 88.3969 87.8839 88.4192 89.0887 88.9769 88.2708 88.2487 88.4702 87.5493 87.3713 87.7673 88.2057 
90.8351 91.4447 91.9616 92.4372 92.7712 92.7408 93.3677 92.618 92.0571 91.6369 90.139 89.6009 88.6371 85.8512 84.2084 83.8223 85.0514 85.8119 85.0782 86.8812 88.9159 90.6952 90.5552 89.4014 88.0355 87.809 87.2922 87.1242 88.2363 88.7656 88.8085 88.0661 87.667 87.8884 88.0883 
91.0128 91.3103 91.4741 92.5117 92.2115 92.6221 92.6784 92.9294 92.1141 91.2439 88.774 89.5786 89.0894 87.4324 83.5292 83.5065 84.3486 86.0802 85.0622 87.5993 89.7613 90.6535 90.5006 89.5596 88.0391 86.6246 86.841 87.088 87.0762 88.2175 88.5933 87.5873 88.1175 88.1362 88.3687 
90.3714 90.8403 91.4103 91.8771 91.9955 92.6952 92.9828 93.127 92.4859 91.4254 88.9038 88.6156 87.7441 85.2631 83.8985 83.9224 85.1356 84.5054 84.9207 87.984 89.8501 91.3729 90.1046 89.0939 88.0254 86.063 85.6347 86.6712 87.301 87.4498 87.5686 88.5459 88.5843 88.3755 87.0524 
90.2206 91.1988 90.6539 91.7654 92.0756 92.0235 92.5429 92.0559 91.9929 91.1743 90.3213 86.9113 83.5273 83.2137 82.9157 84.5806 83.196 83.747 85.5322 86.7851 89.5286 90.5364 88.6826 86.6376 86.1034 84.8359 84.7692 86.3586 87.0404 86.513 85.6612 87.94 90.1307 90.0823 89.8732 
90.075 89.8114 90.2163 91.6534 92.2104 91.9316 91.9168 92.2901 91.2906 90.4491 89.6335 87.0954 85.844 84.7716 83.6474 83.3914 82.0324 79.8264 81.546 87.5499 88.697 88.9077 85.8122 82.2678 84.0033 85.0057 85.4774 85.4607 84.5564 84.0269 85.1983 88.642 91.1127 91.2658 90.9257 
89.4576 89.1488 89.1121 90.7225 91.2929 91.3272 91.1983 91.3454 91.1154 90.8956 89.4854 88.7823 88.2727 87.5732 85.6264 82.636 82.6444 82.807 83.4815 84.4008 87.3275 87.5804 86.6329 86.1092 85.5504 85.0748 84.6227 83.0835 80.2853 82.4554 84.7066 84.8169 89.3787 90.6138 90.3659 
89.0731 89.0535 88.7182 90.0335 91.3466 91.5571 90.8987 90.6192 90.6101 89.8643 89.0193 89.7926 89.8537 89.3199 87.7759 83.9277 81.1204 82.3541 83.6661 83.8542 84.9865 86.747 89.6509 88.6393 87.8409 86.0795 83.0656 80.8565 80.1811 79.8999 82.6466 84.3086 87.9044 89.7372 89.8504 
88.8097 89.1974 89.5349 90.3718 91.2862 90.6014 90.0811 88.7967 88.8147 89.0003 89.0072 89.8079 90.3988 89.2577 88.0827 84.5765 82.3164 81.7219 83.8334 85.7651 88.3172 89.6906 89.9545 90.0294 89.2275 86.0317 83.4879 81.725 80.9481 80.6001 79.8947 82.1116 84.1031 88.1146 89.5636 
87.5135 87.3155 89.821 90.4498 91.1604 88.0291 87.5144 88.2228 87.0799 87.9449 89.2565 89.6267 89.26 87.3494 86.6433 84.5868 81.4827 83.3441 86.6225 89.3655 90.7598 90.9064 91.4604 91.4652 90.7851 86.2026 83.1788 82.5111 80.6819 80.3182 79.732 80.4931 82.423 86.3174 89.0902 
87.7735 85.694 89.9397 91.2126 91.4666 88.9659 85.4308 87.1662 87.3879 88.4606 88.064 87.8476 85.858 85.3769 85.654 84.9675 81.2842 87.013 88.7111 89.7754 90.0113 91.2538 91.8472 92.0539 91.5663 87.5772 83.5108 82.8314 80.9922 79.4124 80.337 81.1141 81.4185 83.1786 87.4546 
87.7006 89.5274 91.1725 91.804 91.8232 90.1416 88.815 88.1646 88.5302 89.2704 88.4559 87.1777 87.127 87.748 86.6008 86.4458 84.843 83.2 88.035 88.7894 88.7951 90.8346 91.2738 93.0341 92.3881 90.0185 82.5556 83.9874 82.7012 81.3438 81.6753 81.3883 82.5022 81.753 84.0797 
90.2567 91.4292 92.1625 92.8473 92.467 92.6851 89.9927 88.485 90.6006 90.9324 90.2081 89.7759 88.8416 87.258 87.6251 86.8825 86.6411 83.4961 85.6918 87.8499 87.8459 88.4941 90.8967 92.9002 92.0292 91.5648 88.1239 88.6899 84.556 82.4707 80.5417 81.2903 82.4216 82.2843 80.1321 
91.1358 91.4918 92.325 93.3602 93.5098 92.737 93.207 92.5903 92.3712 91.0394 89.6426 88.9774 89.0379 88.1623 87.969 87.3397 87.3504 83.7463 84.6187 86.4507 86.977 87.6205 90.0804 92.062 92.0824 91.3961 89.6304 88.3018 85.8536 82.81 82.3858 80.8105 80.4084 79.3655 80.3262 
